[[0, 0], [8, 14], [0, 0], [2, 3], [0, 0], [0, 0], [19, 41], [1, 1], [8, 13], [0, 0], [10, 23], [1, 1], [0, 0], [0, 0], [1, 2]]
[[6, 14], [4, 8], [0, 0], [3, 10], [1, 1], [1, 2], [35, 75], [3, 5], [21, 37], [1, 1], [18, 42], [1, 2], [0, 1], [1, 1], [1, 1]]
[[0, 0], [0, 0], [0, 0], [0, 0], [0, 0], [0, 0], [0, 0], [0, 0], [0, 0], [0, 0], [0, 0], [0, 0], [0, 0], [0, 0], [0, 0]]
[[1, 3], [7, 10], [0, 0], [1, 2], [0, 0], [0, 0], [18, 28], [1, 1], [4, 10], [0, 0], [3, 9], [0, 0], [1, 1], [0, 0], [2, 2]]
[[0, 0], [0, 1], [0, 0], [0, 0], [0, 0], [0, 0], [1, 3], [0, 1], [1, 1], [0, 0], [0, 2], [0, 0], [0, 0], [0, 0], [0, 0]]
[[0, 0], [1, 2], [0, 0], [0, 0], [0, 0], [0, 0], [2, 2], [0, 0], [0, 0], [0, 0], [0, 1], [0, 0], [0, 0], [1, 1], [0, 0]]
[[22, 41], [40, 75], [0, 0], [10, 28], [2, 3], [0, 2], [116, 232], [6, 15], [52, 94], [0, 1], [48, 110], [1, 5], [2, 5], [4, 7], [3, 6]]
[[0, 1], [2, 5], [0, 0], [0, 1], [1, 1], [0, 0], [9, 15], [0, 0], [2, 4], [0, 0], [5, 8], [0, 0], [0, 0], [1, 1], [0, 0]]
[[5, 13], [16, 37], [0, 0], [6, 10], [0, 1], [0, 0], [42, 94], [2, 4], [8, 16], [0, 0], [25, 60], [1, 2], [0, 2], [2, 6], [3, 3]]
[[0, 0], [0, 1], [0, 0], [0, 0], [0, 0], [0, 0], [1, 1], [0, 0], [0, 0], [0, 0], [1, 2], [0, 0], [0, 0], [0, 0], [0, 0]]
[[13, 23], [24, 42], [0, 0], [6, 9], [2, 2], [1, 1], [62, 110], [3, 8], [35, 60], [1, 2], [15, 30], [0, 0], [2, 4], [5, 6], [1, 3]]
[[0, 1], [1, 2], [0, 0], [0, 0], [0, 0], [0, 0], [4, 5], [0, 0], [1, 2], [0, 0], [0, 0], [0, 0], [1, 1], [0, 0], [1, 1]]
[[0, 0], [1, 1], [0, 0], [0, 1], [0, 0], [0, 0], [3, 5], [0, 0], [2, 2], [0, 0], [2, 4], [0, 1], [0, 0], [0, 0], [0, 0]]
[[0, 0], [0, 1], [0, 0], [0, 0], [0, 0], [0, 1], [3, 7], [0, 1], [4, 6], [0, 0], [1, 6], [0, 0], [0, 0], [0, 0], [0, 0]]
[[1, 2], [0, 1], [0, 0], [0, 2], [0, 0], [0, 0], [3, 6], [0, 0], [0, 3], [0, 0], [2, 3], [0, 1], [0, 0], [0, 0], [0, 0]]
[[0, 0], [0, 2], [0, 0], [0, 0], [0, 0], [0, 0], [1, 2], [0, 0], [0, 1], [0, 0], [1, 1], [0, 0], [0, 0], [0, 0], [0, 0]]
[[2, 2], [1, 2], [0, 0], [1, 2], [0, 0], [0, 0], [5, 5], [0, 0], [0, 1], [0, 0], [2, 2], [1, 2], [0, 0], [0, 0], [0, 0]]
[[0, 0], [0, 0], [0, 0], [0, 0], [0, 0], [0, 0], [0, 0], [0, 0], [0, 0], [0, 0], [0, 0], [0, 0], [0, 0], [0, 0], [0, 0]]
[[0, 0], [1, 2], [0, 0], [0, 0], [0, 0], [0, 0], [3, 4], [0, 0], [0, 1], [0, 0], [2, 3], [0, 0], [0, 0], [0, 0], [0, 0]]
[[0, 0], [0, 0], [0, 0], [0, 0], [0, 0], [0, 0], [0, 0], [0, 0], [0, 0], [0, 0], [0, 0], [0, 0], [0, 0], [0, 0], [0, 0]]
[[0, 0], [0, 0], [0, 0], [0, 0], [0, 0], [0, 0], [0, 0], [0, 0], [0, 0], [0, 0], [0, 0], [0, 0], [0, 0], [0, 0], [0, 0]]
[[1, 2], [0, 5], [0, 0], [1, 4], [0, 0], [0, 0], [5, 10], [0, 0], [2, 5], [0, 0], [3, 5], [0, 3], [0, 0], [0, 0], [0, 0]]
[[0, 0], [0, 0], [0, 0], [0, 0], [0, 0], [0, 0], [0, 0], [0, 0], [0, 0], [0, 0], [0, 0], [0, 0], [0, 0], [0, 0], [0, 0]]
[[1, 1], [1, 1], [0, 0], [1, 1], [0, 0], [0, 0], [3, 5], [0, 0], [0, 0], [0, 0], [1, 3], [1, 1], [0, 0], [0, 0], [0, 0]]
[[0, 0], [0, 0], [0, 0], [0, 0], [0, 0], [0, 0], [0, 0], [0, 0], [0, 0], [0, 0], [0, 0], [0, 0], [0, 0], [0, 0], [0, 0]]
[[0, 1], [0, 2], [0, 0], [1, 3], [0, 0], [0, 0], [2, 5], [0, 0], [2, 3], [0, 0], [1, 2], [0, 2], [0, 0], [0, 0], [0, 0]]
[[0, 0], [1, 2], [0, 0], [0, 0], [0, 0], [0, 0], [3, 3], [0, 0], [0, 1], [0, 0], [2, 2], [0, 0], [0, 0], [0, 0], [0, 0]]
[[0, 0], [0, 0], [0, 0], [0, 0], [0, 0], [0, 0], [0, 0], [0, 0], [0, 0], [0, 0], [0, 0], [0, 0], [0, 0], [0, 0], [0, 0]]
[[0, 0], [0, 0], [0, 0], [0, 0], [0, 0], [0, 0], [0, 0], [0, 0], [0, 0], [0, 0], [0, 0], [0, 0], [0, 0], [0, 0], [0, 0]]
[[0, 0], [0, 0], [0, 0], [0, 0], [0, 0], [0, 0], [0, 0], [0, 0], [0, 0], [0, 0], [0, 0], [0, 0], [0, 0], [0, 0], [0, 0]]
[[1, 2], [14, 26], [0, 0], [0, 1], [2, 3], [0, 0], [26, 50], [0, 0], [6, 9], [0, 0], [6, 16], [1, 1], [1, 1], [0, 0], [1, 1]]
[[12, 26], [10, 20], [0, 0], [11, 19], [1, 1], [0, 0], [49, 89], [2, 7], [23, 31], [0, 0], [37, 60], [0, 0], [0, 0], [2, 2], [1, 1]]
[[0, 0], [0, 0], [0, 0], [0, 0], [0, 0], [0, 0], [0, 0], [0, 0], [0, 0], [0, 0], [0, 0], [0, 0], [0, 0], [0, 0], [0, 0]]
[[1, 1], [8, 19], [0, 0], [0, 0], [1, 2], [0, 0], [20, 39], [0, 0], [4, 9], [0, 0], [6, 14], [0, 0], [0, 0], [1, 1], [1, 1]]
[[1, 3], [0, 1], [0, 0], [1, 2], [0, 0], [0, 0], [4, 8], [0, 0], [1, 3], [0, 0], [3, 5], [0, 0], [0, 0], [0, 0], [0, 0]]
[[0, 0], [0, 0], [0, 0], [0, 0], [0, 0], [0, 0], [0, 0], [0, 0], [0, 0], [0, 0], [0, 0], [0, 0], [0, 0], [0, 0], [0, 0]]
[[24, 50], [40, 89], [0, 0], [19, 39], [4, 8], [0, 0], [103, 206], [11, 17], [42, 63], [0, 0], [52, 87], [1, 1], [1, 1], [3, 3], [2, 4]]
[[0, 0], [5, 7], [0, 0], [0, 0], [0, 0], [0, 0], [6, 17], [1, 2], [1, 5], [0, 0], [3, 9], [0, 0], [0, 0], [0, 0], [0, 0]]
[[3, 9], [8, 31], [0, 0], [5, 9], [2, 3], [0, 0], [21, 63], [4, 5], [8, 16], [0, 0], [17, 30], [0, 0], [0, 0], [1, 1], [1, 1]]
[[0, 0], [0, 0], [0, 0], [0, 0], [0, 0], [0, 0], [0, 0], [0, 0], [0, 0], [0, 0], [0, 0], [0, 0], [0, 0], [0, 0], [0, 0]]
[[10, 16], [23, 60], [0, 0], [8, 14], [2, 5], [0, 0], [35, 87], [6, 9], [13, 30], [0, 0], [8, 16], [0, 0], [0, 0], [1, 1], [0, 2]]
[[0, 1], [0, 0], [0, 0], [0, 0], [0, 0], [0, 0], [0, 1], [0, 0], [0, 0], [0, 0], [0, 0], [0, 0], [0, 0], [0, 0], [0, 0]]
[[0, 1], [0, 0], [0, 0], [0, 0], [0, 0], [0, 0], [0, 1], [0, 0], [0, 0], [0, 0], [0, 0], [0, 0], [0, 0], [0, 0], [0, 0]]
[[0, 0], [0, 2], [0, 0], [0, 1], [0, 0], [0, 0], [0, 3], [0, 0], [0, 1], [0, 0], [0, 1], [0, 0], [0, 0], [0, 0], [0, 0]]
[[0, 1], [0, 1], [0, 0], [0, 1], [0, 0], [0, 0], [2, 4], [0, 0], [0, 1], [0, 0], [2, 2], [0, 0], [0, 0], [0, 0], [0, 0]]
[[0, 0], [1, 1], [0, 0], [0, 0], [0, 0], [0, 0], [2, 2], [0, 0], [1, 1], [0, 0], [0, 0], [0, 0], [0, 0], [0, 0], [0, 0]]
[[0, 1], [0, 0], [0, 0], [0, 0], [0, 0], [0, 0], [4, 7], [0, 0], [2, 3], [0, 0], [2, 3], [0, 0], [0, 0], [0, 0], [0, 0]]
[[0, 0], [0, 0], [0, 0], [0, 0], [0, 0], [0, 0], [0, 0], [0, 0], [0, 0], [0, 0], [0, 0], [0, 0], [0, 0], [0, 0], [0, 0]]
[[0, 0], [0, 0], [0, 0], [0, 0], [0, 0], [0, 0], [0, 0], [0, 0], [0, 0], [0, 0], [0, 0], [0, 0], [0, 0], [0, 0], [0, 0]]
[[0, 0], [0, 0], [0, 0], [0, 0], [0, 0], [0, 0], [0, 0], [0, 0], [0, 0], [0, 0], [0, 0], [0, 0], [0, 0], [0, 0], [0, 0]]
[[0, 0], [0, 0], [0, 0], [0, 0], [0, 0], [0, 0], [0, 0], [0, 0], [0, 0], [0, 0], [0, 0], [0, 0], [0, 0], [0, 0], [0, 0]]
[[0, 2], [3, 7], [0, 0], [0, 0], [0, 0], [0, 0], [9, 18], [0, 0], [4, 5], [0, 0], [2, 4], [0, 0], [0, 0], [0, 0], [0, 0]]
[[0, 0], [0, 0], [0, 0], [0, 0], [0, 0], [0, 0], [0, 0], [0, 0], [0, 0], [0, 0], [0, 0], [0, 0], [0, 0], [0, 0], [0, 0]]
[[0, 1], [1, 3], [0, 0], [0, 0], [0, 0], [0, 0], [1, 5], [0, 0], [0, 0], [0, 0], [0, 1], [0, 0], [0, 0], [0, 0], [0, 0]]
[[0, 0], [0, 0], [0, 0], [0, 0], [0, 0], [0, 0], [0, 0], [0, 0], [0, 0], [0, 0], [0, 0], [0, 0], [0, 0], [0, 0], [0, 0]]
[[0, 0], [1, 3], [0, 0], [0, 0], [0, 0], [0, 0], [2, 4], [0, 0], [1, 1], [0, 0], [0, 0], [0, 0], [0, 0], [0, 0], [0, 0]]
[[0, 0], [0, 0], [0, 0], [0, 0], [0, 0], [0, 0], [0, 0], [0, 0], [0, 0], [0, 0], [0, 0], [0, 0], [0, 0], [0, 0], [0, 0]]
[[0, 0], [0, 0], [0, 0], [0, 0], [0, 0], [0, 0], [0, 0], [0, 0], [0, 0], [0, 0], [0, 0], [0, 0], [0, 0], [0, 0], [0, 0]]
[[0, 0], [0, 0], [0, 0], [0, 0], [0, 0], [0, 0], [0, 0], [0, 0], [0, 0], [0, 0], [0, 0], [0, 0], [0, 0], [0, 0], [0, 0]]
[[0, 0], [0, 0], [0, 0], [0, 0], [0, 0], [0, 0], [0, 0], [0, 0], [0, 0], [0, 0], [0, 0], [0, 0], [0, 0], [0, 0], [0, 0]]
[[1, 2], [8, 12], [0, 0], [1, 2], [0, 0], [0, 0], [15, 26], [1, 2], [7, 15], [0, 0], [6, 9], [0, 0], [0, 0], [1, 2], [0, 0]]
[[4, 12], [16, 32], [0, 1], [4, 5], [2, 2], [0, 0], [50, 89], [5, 6], [25, 44], [0, 0], [29, 60], [1, 2], [1, 1], [2, 2], [1, 2]]
[[0, 0], [1, 1], [0, 0], [0, 0], [0, 0], [0, 0], [2, 4], [0, 0], [1, 1], [0, 0], [0, 2], [0, 0], [0, 0], [0, 0], [0, 0]]
[[1, 2], [1, 5], [0, 0], [1, 2], [1, 1], [0, 0], [8, 21], [0, 0], [4, 11], [0, 0], [4, 10], [0, 0], [0, 0], [0, 0], [0, 0]]
[[0, 0], [0, 2], [0, 0], [0, 1], [0, 0], [0, 0], [0, 1], [0, 0], [0, 1], [0, 0], [0, 1], [0, 0], [0, 0], [0, 0], [0, 0]]
[[0, 0], [0, 0], [0, 0], [0, 0], [0, 0], [0, 0], [0, 1], [0, 0], [0, 1], [0, 0], [0, 0], [0, 0], [0, 0], [0, 0], [0, 0]]
[[11, 26], [39, 89], [2, 4], [13, 21], [1, 1], [1, 1], [111, 222], [6, 12], [47, 106], [0, 0], [49, 97], [2, 3], [1, 1], [4, 5], [3, 4]]
[[1, 2], [1, 6], [0, 0], [0, 0], [0, 0], [0, 0], [6, 12], [0, 0], [1, 2], [0, 0], [3, 6], [0, 0], [0, 0], [0, 0], [0, 0]]
[[8, 15], [19, 44], [0, 1], [7, 11], [1, 1], [1, 1], [59, 106], [1, 2], [13, 26], [0, 0], [34, 58], [1, 1], [0, 0], [0, 0], [2, 2]]
[[0, 0], [0, 0], [0, 0], [0, 0], [0, 0], [0, 0], [0, 0], [0, 0], [0, 0], [0, 0], [0, 0], [0, 0], [0, 0], [0, 0], [0, 0]]
[[3, 9], [31, 60], [2, 2], [6, 10], [1, 1], [0, 0], [48, 97], [3, 6], [24, 58], [0, 0], [9, 18], [2, 2], [0, 0], [1, 1], [0, 0]]
[[0, 0], [1, 2], [0, 0], [0, 0], [0, 0], [0, 0], [1, 3], [0, 0], [0, 1], [0, 0], [0, 2], [0, 0], [0, 0], [0, 0], [0, 0]]
[[0, 0], [0, 1], [0, 0], [0, 0], [0, 0], [0, 0], [0, 1], [0, 0], [0, 0], [0, 0], [0, 0], [0, 0], [0, 0], [0, 0], [0, 0]]
[[1, 2], [0, 2], [0, 0], [0, 0], [0, 0], [0, 0], [1, 5], [0, 0], [0, 0], [0, 0], [0, 1], [0, 0], [0, 0], [0, 0], [0, 0]]
[[0, 0], [1, 2], [0, 0], [0, 0], [0, 0], [0, 0], [1, 4], [0, 0], [0, 2], [0, 0], [0, 0], [0, 0], [0, 0], [0, 0], [0, 0]]
[[0, 0], [1, 2], [0, 0], [0, 0], [0, 0], [0, 0], [1, 2], [0, 0], [0, 0], [0, 0], [0, 0], [0, 0], [0, 0], [0, 0], [0, 0]]
[[1, 2], [0, 0], [0, 0], [0, 2], [0, 0], [0, 0], [4, 7], [0, 1], [1, 3], [0, 0], [2, 3], [0, 0], [0, 0], [0, 0], [0, 0]]
[[0, 0], [0, 0], [0, 0], [0, 0], [0, 0], [0, 0], [0, 0], [0, 0], [0, 0], [0, 0], [0, 0], [0, 0], [0, 0], [0, 0], [0, 0]]
[[0, 0], [2, 2], [0, 0], [0, 0], [0, 0], [0, 0], [1, 1], [0, 1], [1, 2], [0, 0], [0, 0], [0, 0], [0, 0], [0, 0], [0, 0]]
[[0, 0], [0, 0], [0, 0], [0, 0], [0, 0], [0, 0], [0, 0], [0, 0], [0, 0], [0, 0], [0, 0], [0, 0], [0, 0], [0, 0], [0, 0]]
[[0, 0], [0, 0], [0, 0], [0, 0], [0, 0], [0, 0], [0, 0], [0, 0], [0, 0], [0, 0], [0, 0], [0, 0], [0, 0], [0, 0], [0, 0]]
[[1, 2], [3, 7], [0, 0], [0, 1], [0, 0], [0, 0], [7, 14], [0, 3], [4, 9], [0, 0], [1, 4], [0, 0], [0, 0], [0, 0], [0, 0]]
[[0, 0], [1, 1], [0, 0], [1, 1], [0, 0], [0, 0], [3, 3], [0, 0], [1, 1], [0, 0], [2, 2], [0, 0], [0, 0], [0, 0], [0, 0]]
[[0, 0], [2, 3], [0, 0], [1, 2], [0, 0], [0, 0], [5, 9], [0, 1], [1, 2], [0, 0], [3, 5], [0, 0], [0, 0], [0, 0], [0, 0]]
[[0, 0], [0, 0], [0, 0], [0, 0], [0, 0], [0, 0], [0, 0], [0, 0], [0, 0], [0, 0], [0, 0], [0, 0], [0, 0], [0, 0], [0, 0]]
[[0, 0], [1, 3], [0, 0], [0, 0], [0, 0], [0, 0], [3, 4], [0, 2], [2, 5], [0, 0], [0, 0], [0, 0], [0, 0], [0, 0], [0, 0]]
[[0, 0], [0, 0], [0, 0], [0, 0], [0, 0], [0, 0], [0, 0], [0, 0], [0, 0], [0, 0], [0, 0], [0, 0], [0, 0], [0, 0], [0, 0]]
[[0, 0], [0, 0], [0, 0], [0, 0], [0, 0], [0, 0], [0, 0], [0, 0], [0, 0], [0, 0], [0, 0], [0, 0], [0, 0], [0, 0], [0, 0]]
[[0, 0], [0, 0], [0, 0], [0, 0], [0, 0], [0, 0], [0, 0], [0, 0], [0, 0], [0, 0], [0, 0], [0, 0], [0, 0], [0, 0], [0, 0]]
[[0, 0], [0, 0], [0, 0], [0, 0], [0, 0], [0, 0], [0, 0], [0, 0], [0, 0], [0, 0], [0, 0], [0, 0], [0, 0], [0, 0], [0, 0]]
[[0, 0], [9, 14], [0, 0], [0, 4], [1, 1], [0, 0], [20, 31], [0, 0], [5, 6], [0, 0], [7, 17], [0, 4], [0, 0], [0, 1], [0, 0]]
[[5, 14], [6, 12], [0, 0], [2, 6], [0, 2], [0, 1], [50, 94], [0, 1], [11, 28], [0, 0], [37, 63], [0, 0], [0, 0], [1, 1], [0, 0]]
[[0, 0], [0, 0], [0, 0], [0, 0], [0, 0], [0, 0], [0, 0], [0, 0], [0, 0], [0, 0], [0, 0], [0, 0], [0, 0], [0, 0], [0, 0]]
[[4, 4], [4, 6], [0, 0], [0, 0], [1, 1], [0, 1], [19, 29], [0, 0], [7, 11], [0, 0], [7, 13], [0, 1], [0, 0], [0, 0], [0, 0]]
[[0, 1], [2, 2], [0, 0], [0, 1], [0, 0], [0, 0], [9, 14], [1, 1], [4, 5], [0, 0], [4, 8], [0, 0], [0, 0], [0, 0], [0, 0]]
[[0, 0], [1, 1], [0, 0], [1, 1], [0, 0], [0, 0], [2, 2], [0, 0], [1, 1], [0, 0], [2, 2], [1, 1], [0, 0], [0, 0], [0, 0]]
[[11, 31], [44, 94], [0, 0], [10, 29], [5, 14], [0, 2], [109, 218], [4, 6], [33, 66], [0, 0], [54, 104], [2, 8], [1, 2], [4, 7], [1, 1]]
[[0, 0], [1, 1], [0, 0], [0, 0], [0, 1], [0, 0], [2, 6], [0, 0], [2, 3], [0, 0], [1, 5], [0, 0], [0, 0], [0, 0], [0, 0]]
[[1, 6], [17, 28], [0, 0], [4, 11], [1, 5], [0, 1], [33, 66], [1, 3], [4, 8], [0, 0], [19, 41], [1, 3], [0, 1], [1, 3], [0, 0]]
[[0, 0], [0, 0], [0, 0], [0, 0], [0, 0], [0, 0], [0, 0], [0, 0], [0, 0], [0, 0], [0, 0], [0, 0], [0, 0], [0, 0], [0, 0]]
[[10, 17], [26, 63], [0, 0], [6, 13], [4, 8], [0, 2], [50, 104], [4, 5], [22, 41], [0, 0], [18, 36], [2, 5], [1, 1], [2, 2], [1, 1]]
[[4, 4], [0, 0], [0, 0], [1, 1], [0, 0], [0, 1], [6, 8], [0, 0], [2, 3], [0, 0], [3, 5], [0, 0], [0, 0], [0, 0], [0, 0]]
[[0, 0], [0, 0], [0, 0], [0, 0], [0, 0], [0, 0], [1, 2], [0, 0], [1, 1], [0, 0], [0, 1], [0, 0], [0, 0], [0, 0], [0, 0]]
[[1, 1], [0, 1], [0, 0], [0, 0], [0, 0], [0, 0], [3, 7], [0, 0], [2, 3], [0, 0], [0, 2], [0, 0], [0, 0], [0, 0], [0, 0]]
[[0, 0], [0, 0], [0, 0], [0, 0], [0, 0], [0, 0], [0, 1], [0, 0], [0, 0], [0, 0], [0, 1], [0, 0], [0, 0], [0, 0], [0, 0]]
[[0, 0], [1, 1], [0, 0], [0, 1], [0, 1], [0, 0], [1, 1], [0, 0], [0, 1], [0, 0], [0, 1], [0, 0], [0, 0], [0, 0], [0, 0]]
[[0, 1], [0, 0], [0, 0], [0, 1], [0, 0], [1, 1], [2, 5], [0, 0], [2, 2], [0, 0], [1, 4], [0, 0], [0, 0], [0, 0], [0, 0]]
[[0, 0], [0, 0], [0, 0], [0, 0], [0, 0], [0, 0], [0, 0], [0, 0], [0, 0], [0, 0], [0, 0], [0, 0], [0, 0], [0, 0], [0, 0]]
[[1, 1], [1, 1], [0, 0], [0, 0], [0, 0], [0, 0], [5, 7], [0, 0], [1, 1], [0, 0], [2, 4], [0, 0], [0, 0], [0, 0], [0, 0]]
[[1, 1], [0, 0], [0, 0], [0, 0], [0, 0], [0, 0], [1, 2], [0, 0], [0, 0], [0, 0], [0, 1], [0, 0], [0, 0], [0, 0], [0, 0]]
[[0, 0], [0, 1], [0, 0], [0, 0], [0, 0], [0, 0], [0, 1], [0, 0], [0, 0], [0, 0], [0, 0], [0, 0], [0, 0], [0, 0], [0, 0]]
[[0, 1], [3, 5], [0, 0], [2, 7], [1, 2], [1, 1], [2, 4], [0, 0], [2, 3], [0, 0], [2, 6], [1, 1], [0, 0], [0, 0], [0, 0]]
[[0, 0], [0, 0], [0, 0], [0, 0], [0, 0], [0, 0], [0, 0], [0, 0], [0, 0], [0, 0], [0, 0], [0, 0], [0, 0], [0, 0], [0, 0]]
[[1, 1], [0, 2], [0, 0], [0, 1], [0, 0], [0, 0], [1, 3], [0, 0], [0, 0], [0, 0], [0, 1], [0, 0], [0, 0], [0, 0], [0, 0]]
[[0, 0], [0, 0], [0, 0], [0, 0], [0, 0], [0, 0], [0, 0], [0, 0], [0, 0], [0, 0], [0, 0], [0, 0], [0, 0], [0, 0], [0, 0]]
[[1, 1], [3, 4], [0, 0], [2, 4], [1, 1], [0, 0], [4, 6], [0, 0], [1, 1], [0, 0], [3, 6], [1, 1], [0, 0], [0, 0], [0, 0]]
[[0, 0], [0, 0], [0, 0], [0, 0], [0, 0], [0, 0], [0, 1], [0, 0], [0, 0], [0, 0], [0, 1], [0, 0], [0, 0], [0, 0], [0, 0]]
[[0, 0], [0, 0], [0, 0], [0, 0], [0, 0], [0, 0], [0, 0], [0, 0], [0, 0], [0, 0], [0, 0], [0, 0], [0, 0], [0, 0], [0, 0]]
[[0, 0], [0, 0], [0, 0], [0, 0], [0, 0], [0, 0], [0, 0], [0, 0], [0, 0], [0, 0], [0, 0], [0, 0], [0, 0], [0, 0], [0, 0]]
[[0, 0], [0, 0], [0, 0], [0, 0], [0, 0], [0, 0], [0, 0], [0, 0], [0, 0], [0, 0], [0, 0], [0, 0], [0, 0], [0, 0], [0, 0]]
[[0, 0], [5, 12], [0, 0], [0, 0], [0, 0], [0, 0], [12, 24], [0, 0], [5, 5], [0, 0], [6, 10], [0, 0], [0, 0], [0, 1], [0, 0]]
[[7, 12], [2, 4], [0, 0], [3, 8], [0, 1], [1, 4], [48, 87], [4, 5], [14, 28], [1, 1], [34, 59], [2, 2], [0, 0], [0, 1], [2, 2]]
[[0, 0], [0, 0], [0, 0], [0, 0], [0, 0], [0, 0], [0, 0], [0, 0], [0, 0], [0, 0], [0, 0], [0, 0], [0, 0], [0, 0], [0, 0]]
[[0, 0], [5, 8], [0, 0], [1, 2], [0, 0], [0, 0], [16, 26], [0, 0], [9, 9], [0, 0], [7, 12], [0, 0], [0, 0], [0, 1], [0, 0]]
[[0, 0], [1, 1], [0, 0], [0, 0], [0, 0], [0, 0], [3, 11], [0, 0], [1, 2], [0, 0], [1, 8], [0, 0], [0, 0], [0, 0], [0, 0]]
[[0, 0], [3, 4], [0, 0], [0, 0], [0, 0], [0, 0], [3, 5], [0, 0], [0, 0], [0, 0], [0, 1], [0, 0], [0, 0], [0, 0], [0, 0]]
[[12, 24], [39, 87], [0, 0], [10, 26], [8, 11], [2, 5], [119, 238], [8, 12], [40, 73], [4, 5], [55, 105], [4, 4], [0, 0], [2, 3], [3, 3]]
[[0, 0], [1, 5], [0, 0], [0, 0], [0, 0], [0, 0], [4, 12], [0, 0], [1, 4], [0, 0], [4, 7], [0, 0], [0, 0], [0, 0], [0, 0]]
[[0, 5], [14, 28], [0, 0], [0, 9], [1, 2], [0, 0], [33, 73], [3, 4], [6, 12], [1, 1], [22, 44], [1, 1], [0, 0], [1, 1], [0, 0]]
[[0, 0], [0, 1], [0, 0], [0, 0], [0, 0], [0, 0], [1, 5], [0, 0], [0, 1], [0, 0], [0, 2], [0, 0], [0, 0], [1, 1], [0, 0]]
[[4, 10], [25, 59], [0, 0], [5, 12], [7, 8], [1, 1], [50, 105], [3, 7], [22, 44], [2, 2], [9, 18], [1, 1], [0, 0], [2, 2], [1, 1]]
[[0, 0], [0, 2], [0, 0], [0, 0], [0, 0], [0, 0], [0, 4], [0, 0], [0, 1], [0, 0], [0, 1], [0, 0], [0, 0], [0, 0], [0, 0]]
[[0, 0], [0, 0], [0, 0], [0, 0], [0, 0], [0, 0], [0, 0], [0, 0], [0, 0], [0, 0], [0, 0], [0, 0], [0, 0], [0, 0], [0, 0]]
[[1, 1], [1, 1], [0, 0], [1, 1], [0, 0], [0, 0], [1, 3], [0, 0], [0, 1], [0, 1], [0, 2], [0, 0], [0, 0], [0, 0], [0, 0]]
[[0, 0], [0, 2], [0, 0], [0, 0], [0, 0], [0, 0], [0, 3], [0, 0], [0, 0], [0, 0], [0, 1], [0, 0], [0, 0], [0, 0], [0, 0]]
[[0, 0], [0, 0], [0, 0], [1, 1], [0, 0], [0, 0], [2, 4], [0, 0], [2, 2], [0, 0], [1, 3], [0, 0], [0, 0], [0, 0], [0, 0]]
[[0, 0], [0, 0], [0, 0], [0, 0], [0, 0], [0, 0], [2, 6], [0, 0], [0, 1], [0, 0], [2, 5], [0, 0], [0, 0], [0, 0], [0, 0]]
[[0, 0], [0, 0], [0, 0], [0, 0], [0, 0], [0, 0], [0, 0], [0, 0], [0, 0], [0, 0], [0, 0], [0, 0], [0, 0], [0, 0], [0, 0]]
[[0, 1], [0, 0], [0, 0], [1, 2], [0, 0], [0, 0], [2, 3], [0, 0], [2, 2], [0, 0], [1, 2], [0, 0], [0, 0], [0, 0], [0, 0]]
[[0, 0], [0, 0], [0, 0], [0, 0], [0, 0], [0, 0], [0, 0], [0, 0], [0, 0], [0, 0], [0, 0], [0, 0], [0, 0], [0, 0], [0, 0]]
[[0, 0], [0, 0], [0, 0], [0, 0], [0, 0], [0, 0], [0, 0], [0, 0], [0, 0], [0, 0], [0, 0], [0, 0], [0, 0], [0, 0], [0, 0]]
[[2, 4], [4, 6], [0, 0], [1, 3], [0, 0], [0, 0], [7, 14], [0, 0], [0, 1], [0, 0], [2, 6], [0, 0], [0, 0], [0, 0], [0, 0]]
[[0, 0], [0, 0], [0, 0], [0, 0], [0, 0], [0, 0], [0, 0], [0, 0], [0, 0], [0, 0], [0, 0], [0, 0], [0, 0], [0, 0], [0, 0]]
[[0, 2], [1, 1], [0, 0], [0, 2], [0, 0], [0, 0], [1, 1], [0, 0], [0, 0], [0, 0], [0, 0], [0, 0], [0, 0], [0, 0], [0, 0]]
[[0, 0], [0, 0], [0, 0], [0, 0], [0, 0], [0, 0], [0, 0], [0, 0], [0, 0], [0, 0], [0, 0], [0, 0], [0, 0], [0, 0], [0, 0]]
[[2, 3], [3, 5], [0, 0], [1, 2], [0, 0], [0, 0], [4, 6], [0, 0], [0, 0], [0, 0], [0, 0], [0, 0], [0, 0], [0, 0], [0, 0]]
[[0, 0], [0, 0], [0, 0], [0, 0], [0, 0], [0, 0], [0, 0], [0, 0], [0, 0], [0, 0], [0, 0], [0, 0], [0, 0], [0, 0], [0, 0]]
[[0, 0], [0, 0], [0, 0], [0, 0], [0, 0], [0, 0], [0, 0], [0, 0], [0, 0], [0, 0], [0, 0], [0, 0], [0, 0], [0, 0], [0, 0]]
[[0, 0], [0, 0], [0, 0], [0, 0], [0, 0], [0, 0], [0, 0], [0, 0], [0, 0], [0, 0], [0, 0], [0, 0], [0, 0], [0, 0], [0, 0]]
[[0, 0], [0, 0], [0, 0], [0, 0], [0, 0], [0, 0], [0, 0], [0, 0], [0, 0], [0, 0], [0, 0], [0, 0], [0, 0], [0, 0], [0, 0]]
[[0, 0], [4, 5], [0, 0], [0, 2], [0, 0], [0, 0], [8, 15], [0, 0], [1, 2], [0, 0], [2, 8], [0, 0], [0, 0], [0, 0], [1, 2]]
[[1, 5], [14, 28], [0, 0], [6, 8], [2, 2], [1, 1], [49, 93], [4, 7], [17, 31], [1, 1], [45, 68], [0, 0], [0, 0], [3, 3], [1, 1]]
[[0, 0], [0, 0], [0, 0], [0, 0], [0, 0], [0, 0], [0, 0], [0, 0], [0, 0], [0, 0], [0, 0], [0, 0], [0, 0], [0, 0], [0, 0]]
[[2, 2], [2, 8], [0, 0], [2, 4], [0, 0], [0, 0], [12, 24], [0, 0], [4, 8], [0, 0], [5, 9], [0, 0], [0, 0], [1, 1], [0, 0]]
[[0, 0], [0, 2], [0, 0], [0, 0], [0, 0], [0, 0], [2, 4], [0, 1], [2, 3], [0, 0], [2, 6], [0, 0], [0, 0], [0, 0], [0, 0]]
[[0, 0], [0, 1], [0, 0], [0, 0], [0, 0], [0, 0], [0, 1], [0, 0], [0, 0], [0, 0], [0, 0], [0, 0], [0, 0], [0, 0], [0, 0]]
[[7, 15], [44, 93], [0, 0], [12, 24], [2, 4], [1, 1], [95, 190], [2, 9], [30, 63], [3, 3], [62, 116], [0, 0], [3, 6], [4, 4], [3, 6]]
[[0, 0], [3, 7], [0, 0], [0, 0], [1, 1], [0, 0], [7, 9], [0, 0], [1, 2], [0, 0], [3, 4], [0, 0], [0, 0], [1, 1], [0, 0]]
[[1, 2], [14, 31], [0, 0], [4, 8], [1, 3], [0, 0], [33, 63], [1, 2], [7, 14], [1, 1], [20, 42], [1, 1], [2, 4], [1, 1], [2, 4]]
[[0, 0], [0, 1], [0, 0], [0, 0], [0, 0], [0, 0], [0, 3], [0, 0], [0, 1], [0, 0], [0, 1], [0, 0], [0, 0], [0, 0], [0, 0]]
[[6, 8], [23, 68], [0, 0], [4, 9], [4, 6], [0, 0], [54, 116], [1, 4], [22, 42], [1, 1], [28, 56], [1, 1], [1, 2], [0, 0], [1, 1]]
[[0, 0], [0, 0], [0, 0], [0, 0], [0, 0], [0, 0], [0, 0], [0, 0], [0, 1], [0, 0], [0, 1], [0, 0], [0, 0], [0, 0], [0, 0]]
[[0, 0], [0, 0], [0, 0], [0, 0], [0, 0], [0, 0], [3, 6], [0, 0], [2, 4], [0, 0], [1, 2], [0, 0], [0, 0], [0, 0], [0, 0]]
[[0, 0], [0, 3], [0, 0], [0, 1], [0, 0], [0, 0], [0, 4], [0, 1], [0, 1], [0, 0], [0, 0], [0, 0], [0, 0], [0, 0], [0, 0]]
[[1, 2], [0, 1], [0, 0], [0, 0], [0, 0], [0, 0], [3, 6], [0, 0], [2, 4], [0, 0], [0, 1], [0, 0], [0, 0], [0, 0], [0, 0]]
[[0, 0], [0, 1], [0, 0], [0, 0], [0, 0], [0, 0], [2, 3], [0, 0], [0, 0], [0, 0], [2, 2], [0, 0], [0, 0], [0, 0], [0, 0]]
[[1, 1], [0, 0], [0, 0], [1, 3], [0, 0], [0, 0], [5, 9], [0, 0], [1, 1], [0, 0], [2, 4], [0, 0], [0, 0], [0, 0], [0, 0]]
[[0, 0], [0, 0], [0, 0], [0, 0], [0, 0], [0, 0], [0, 0], [0, 0], [0, 0], [0, 0], [0, 0], [0, 0], [0, 0], [0, 0], [0, 0]]
[[0, 0], [2, 3], [0, 0], [0, 0], [0, 0], [0, 0], [3, 4], [0, 0], [1, 1], [0, 0], [0, 0], [0, 0], [0, 0], [0, 0], [0, 0]]
[[0, 0], [0, 0], [0, 0], [0, 0], [0, 0], [0, 0], [0, 0], [0, 0], [0, 0], [0, 0], [0, 0], [0, 0], [0, 0], [0, 0], [0, 0]]
[[0, 0], [0, 0], [0, 0], [0, 0], [0, 0], [0, 0], [0, 0], [0, 0], [0, 0], [0, 0], [0, 0], [0, 0], [0, 0], [0, 0], [0, 0]]
[[1, 3], [4, 9], [0, 0], [1, 4], [0, 0], [0, 0], [11, 22], [0, 0], [2, 2], [0, 0], [5, 6], [0, 0], [0, 0], [0, 0], [0, 0]]
[[0, 0], [0, 0], [0, 0], [0, 0], [0, 0], [0, 0], [0, 0], [0, 0], [0, 0], [0, 0], [0, 0], [0, 0], [0, 0], [0, 0], [0, 0]]
[[0, 0], [0, 1], [0, 0], [0, 1], [0, 0], [0, 0], [0, 2], [0, 0], [0, 0], [0, 0], [0, 0], [0, 0], [0, 0], [0, 0], [0, 0]]
[[0, 0], [0, 0], [0, 0], [0, 0], [0, 0], [0, 0], [0, 0], [0, 0], [0, 0], [0, 0], [0, 0], [0, 0], [0, 0], [0, 0], [0, 0]]
[[0, 2], [2, 4], [0, 0], [0, 0], [0, 0], [0, 0], [1, 6], [0, 0], [0, 0], [0, 0], [1, 2], [0, 0], [0, 0], [0, 0], [0, 0]]
[[0, 0], [0, 0], [0, 0], [0, 0], [0, 0], [0, 0], [0, 0], [0, 0], [0, 0], [0, 0], [0, 0], [0, 0], [0, 0], [0, 0], [0, 0]]
[[0, 0], [0, 0], [0, 0], [0, 0], [0, 0], [0, 0], [0, 0], [0, 0], [0, 0], [0, 0], [0, 0], [0, 0], [0, 0], [0, 0], [0, 0]]
[[0, 0], [0, 0], [0, 0], [0, 0], [0, 0], [0, 0], [0, 0], [0, 0], [0, 0], [0, 0], [0, 0], [0, 0], [0, 0], [0, 0], [0, 0]]
[[0, 0], [0, 0], [0, 0], [0, 0], [0, 0], [0, 0], [0, 0], [0, 0], [0, 0], [0, 0], [0, 0], [0, 0], [0, 0], [0, 0], [0, 0]]
[[1, 2], [5, 10], [0, 0], [2, 2], [0, 0], [0, 0], [11, 20], [0, 0], [3, 4], [0, 0], [7, 12], [1, 1], [0, 0], [0, 1], [0, 0]]
[[5, 10], [9, 18], [2, 2], [3, 3], [1, 1], [0, 0], [53, 96], [5, 7], [21, 30], [1, 1], [39, 66], [1, 1], [0, 0], [0, 1], [0, 0]]
[[0, 0], [0, 2], [0, 0], [0, 0], [0, 0], [0, 0], [0, 2], [0, 0], [0, 0], [0, 0], [0, 2], [0, 0], [0, 0], [0, 0], [0, 0]]
[[0, 2], [0, 3], [0, 0], [0, 0], [0, 0], [0, 0], [4, 14], [1, 1], [2, 5], [0, 0], [5, 13], [0, 0], [0, 0], [0, 0], [0, 0]]
[[0, 0], [0, 1], [0, 0], [0, 0], [0, 0], [0, 0], [3, 9], [0, 0], [2, 3], [0, 0], [6, 10], [1, 1], [0, 0], [0, 0], [0, 0]]
[[0, 0], [0, 0], [0, 0], [0, 0], [0, 0], [0, 0], [1, 2], [0, 0], [0, 0], [0, 0], [1, 2], [0, 0], [0, 0], [0, 0], [0, 0]]
[[9, 20], [43, 96], [2, 2], [10, 14], [6, 9], [1, 2], [94, 188], [12, 18], [41, 64], [1, 1], [71, 124], [1, 1], [0, 0], [3, 7], [4, 4]]
[[0, 0], [2, 7], [0, 0], [0, 1], [0, 0], [0, 0], [6, 18], [0, 0], [1, 2], [0, 0], [5, 12], [0, 0], [0, 0], [0, 0], [0, 0]]
[[1, 4], [9, 30], [0, 0], [3, 5], [1, 3], [0, 0], [23, 64], [1, 2], [4, 8], [0, 0], [21, 48], [0, 0], [0, 0], [0, 1], [1, 1]]
[[0, 0], [0, 1], [0, 0], [0, 0], [0, 0], [0, 0], [0, 1], [0, 0], [0, 0], [0, 0], [0, 0], [0, 0], [0, 0], [0, 0], [0, 0]]
[[5, 12], [27, 66], [2, 2], [8, 13], [4, 10], [1, 2], [53, 124], [7, 12], [27, 48], [0, 0], [38, 76], [2, 2], [0, 0], [3, 4], [3, 3]]
[[0, 1], [0, 1], [0, 0], [0, 0], [0, 1], [0, 0], [0, 1], [0, 0], [0, 0], [0, 0], [0, 2], [0, 0], [0, 0], [0, 0], [0, 0]]
[[0, 0], [0, 0], [0, 0], [0, 0], [0, 0], [0, 0], [0, 0], [0, 0], [0, 0], [0, 0], [0, 0], [0, 0], [0, 0], [0, 0], [0, 0]]
[[1, 1], [1, 1], [0, 0], [0, 0], [0, 0], [0, 0], [4, 7], [0, 0], [1, 1], [0, 0], [1, 4], [0, 0], [0, 0], [0, 0], [0, 0]]
[[0, 0], [0, 0], [0, 0], [0, 0], [0, 0], [0, 0], [0, 4], [0, 0], [0, 1], [0, 0], [0, 3], [0, 0], [0, 0], [0, 0], [0, 0]]
[[0, 0], [1, 1], [0, 0], [0, 0], [0, 0], [0, 0], [2, 2], [0, 0], [0, 0], [0, 0], [1, 2], [0, 0], [0, 0], [0, 1], [0, 0]]
[[0, 1], [0, 0], [0, 0], [1, 1], [0, 0], [0, 0], [4, 6], [0, 0], [1, 1], [0, 0], [3, 5], [0, 0], [0, 0], [1, 2], [0, 0]]
[[0, 0], [0, 0], [0, 0], [0, 0], [0, 0], [0, 0], [0, 0], [0, 0], [0, 0], [0, 0], [0, 0], [0, 0], [0, 0], [0, 0], [0, 0]]
[[0, 0], [0, 1], [0, 0], [0, 0], [0, 0], [0, 0], [0, 1], [0, 0], [0, 0], [0, 0], [0, 0], [0, 0], [0, 0], [0, 0], [0, 0]]
[[0, 0], [0, 0], [0, 0], [0, 0], [0, 0], [0, 0], [0, 0], [0, 0], [0, 0], [0, 0], [0, 0], [0, 0], [0, 0], [0, 0], [0, 0]]
[[0, 0], [0, 0], [0, 0], [0, 0], [0, 0], [0, 0], [0, 0], [0, 0], [0, 0], [0, 0], [0, 0], [0, 0], [0, 0], [0, 0], [0, 0]]
[[0, 2], [2, 6], [0, 0], [1, 1], [0, 0], [0, 0], [9, 18], [0, 0], [1, 3], [0, 0], [6, 10], [0, 0], [0, 0], [1, 4], [0, 0]]
[[0, 0], [0, 0], [0, 0], [0, 0], [0, 0], [0, 0], [0, 0], [0, 0], [0, 0], [0, 0], [0, 0], [0, 0], [0, 0], [0, 0], [0, 0]]
[[0, 0], [0, 1], [0, 0], [0, 0], [0, 0], [0, 0], [2, 3], [0, 0], [0, 0], [0, 0], [2, 3], [0, 0], [0, 0], [0, 1], [0, 0]]
[[0, 0], [0, 0], [0, 0], [0, 0], [0, 0], [0, 0], [0, 0], [0, 0], [0, 0], [0, 0], [0, 0], [0, 0], [0, 0], [0, 0], [0, 0]]
[[1, 2], [2, 5], [0, 0], [0, 0], [0, 0], [0, 0], [4, 10], [0, 0], [1, 3], [0, 0], [0, 0], [0, 0], [0, 0], [0, 0], [0, 0]]
[[0, 0], [0, 0], [0, 0], [0, 0], [0, 0], [0, 0], [0, 0], [0, 0], [0, 0], [0, 0], [0, 0], [0, 0], [0, 0], [0, 0], [0, 0]]
[[0, 0], [0, 0], [0, 0], [0, 0], [0, 0], [0, 0], [0, 0], [0, 0], [0, 0], [0, 0], [0, 0], [0, 0], [0, 0], [0, 0], [0, 0]]
[[1, 1], [1, 2], [0, 0], [0, 0], [0, 0], [0, 0], [3, 4], [0, 0], [1, 1], [0, 0], [0, 0], [0, 0], [0, 0], [0, 0], [0, 0]]
[[0, 0], [0, 0], [0, 0], [0, 0], [0, 0], [0, 0], [0, 0], [0, 0], [0, 0], [0, 0], [0, 0], [0, 0], [0, 0], [0, 0], [0, 0]]
[[0, 0], [0, 1], [0, 0], [0, 2], [1, 1], [0, 0], [6, 12], [2, 4], [6, 8], [0, 0], [6, 10], [0, 1], [0, 0], [1, 1], [0, 0]]
[[1, 1], [8, 16], [1, 2], [6, 7], [0, 0], [0, 1], [25, 52], [3, 5], [8, 18], [1, 1], [20, 44], [0, 0], [1, 1], [1, 1], [1, 1]]
[[0, 0], [1, 2], [0, 0], [0, 0], [0, 0], [0, 0], [0, 3], [0, 0], [0, 0], [0, 0], [1, 3], [0, 0], [0, 0], [0, 0], [0, 0]]
[[2, 2], [1, 7], [0, 0], [0, 0], [1, 2], [0, 0], [18, 28], [2, 2], [6, 7], [0, 0], [14, 24], [0, 0], [0, 0], [1, 1], [1, 1]]
[[0, 1], [0, 0], [0, 0], [1, 2], [0, 0], [0, 0], [5, 9], [0, 1], [2, 4], [0, 0], [2, 5], [0, 0], [0, 0], [0, 0], [0, 0]]
[[0, 0], [1, 1], [0, 0], [0, 0], [0, 0], [0, 0], [1, 3], [0, 0], [1, 1], [0, 0], [1, 3], [0, 0], [0, 0], [0, 0], [0, 0]]
[[6, 12], [27, 52], [3, 3], [10, 28], [4, 9], [2, 3], [68, 136], [11, 21], [38, 68], [0, 0], [59, 112], [2, 5], [1, 1], [4, 5], [3, 3]]
[[2, 4], [2, 5], [0, 0], [0, 2], [1, 1], [0, 0], [10, 21], [2, 4], [3, 5], [0, 1], [6, 15], [1, 1], [0, 0], [1, 1], [0, 0]]
[[2, 8], [10, 18], [0, 0], [1, 7], [2, 4], [0, 1], [30, 68], [2, 5], [7, 14], [0, 1], [26, 66], [1, 3], [0, 0], [1, 1], [2, 2]]
[[0, 0], [0, 1], [0, 0], [0, 0], [0, 0], [0, 0], [0, 0], [1, 1], [1, 1], [0, 0], [0, 1], [0, 0], [0, 0], [0, 0], [0, 0]]
[[4, 10], [24, 44], [2, 3], [10, 24], [3, 5], [2, 3], [53, 112], [9, 15], [40, 66], [1, 1], [33, 66], [2, 4], [0, 0], [5, 5], [2, 2]]
[[1, 1], [0, 0], [0, 0], [0, 0], [0, 0], [0, 0], [3, 5], [0, 1], [2, 3], [0, 0], [2, 4], [0, 0], [0, 0], [0, 0], [0, 0]]
[[0, 0], [0, 1], [0, 0], [0, 0], [0, 0], [0, 0], [0, 1], [0, 0], [0, 0], [0, 0], [0, 0], [0, 0], [0, 0], [0, 0], [0, 0]]
[[0, 1], [0, 1], [0, 0], [0, 1], [0, 0], [0, 0], [1, 5], [0, 1], [0, 1], [0, 0], [0, 5], [0, 0], [0, 0], [0, 0], [1, 1]]
[[0, 0], [0, 1], [0, 0], [0, 1], [0, 0], [0, 0], [0, 3], [0, 0], [0, 2], [0, 0], [0, 2], [0, 0], [0, 0], [0, 1], [0, 0]]
[[0, 0], [2, 3], [0, 0], [0, 0], [0, 0], [0, 0], [3, 4], [0, 0], [1, 2], [0, 0], [2, 3], [0, 0], [0, 0], [0, 0], [0, 0]]
[[1, 3], [0, 0], [0, 0], [1, 1], [0, 0], [0, 0], [4, 7], [0, 0], [0, 0], [0, 0], [4, 5], [0, 0], [0, 0], [0, 0], [0, 0]]
[[0, 0], [0, 0], [0, 0], [0, 0], [0, 0], [0, 0], [0, 0], [0, 0], [0, 0], [0, 0], [0, 0], [0, 0], [0, 0], [0, 0], [0, 0]]
[[0, 0], [0, 1], [0, 0], [0, 0], [0, 0], [0, 0], [0, 2], [0, 0], [0, 0], [0, 0], [0, 1], [0, 0], [0, 0], [0, 0], [0, 0]]
[[0, 0], [0, 0], [0, 0], [0, 0], [0, 0], [0, 0], [0, 0], [0, 0], [0, 0], [0, 0], [0, 0], [0, 0], [0, 0], [0, 0], [0, 0]]
[[0, 0], [0, 0], [0, 0], [0, 0], [0, 0], [0, 0], [0, 0], [0, 0], [0, 0], [0, 0], [0, 0], [0, 0], [0, 0], [0, 0], [0, 0]]
[[1, 4], [3, 7], [0, 0], [2, 2], [0, 0], [0, 0], [7, 14], [0, 0], [1, 2], [0, 0], [5, 8], [1, 1], [0, 0], [0, 0], [0, 0]]
[[0, 0], [0, 0], [0, 0], [0, 0], [0, 0], [0, 0], [0, 0], [0, 0], [0, 0], [0, 0], [0, 0], [0, 0], [0, 0], [0, 0], [0, 0]]
[[1, 2], [0, 0], [0, 0], [0, 0], [0, 0], [0, 0], [1, 2], [0, 0], [0, 0], [0, 0], [0, 0], [0, 0], [0, 0], [0, 0], [0, 0]]
[[0, 0], [0, 0], [0, 0], [0, 0], [0, 0], [0, 0], [0, 0], [0, 0], [0, 0], [0, 0], [0, 0], [0, 0], [0, 0], [0, 0], [0, 0]]
[[1, 3], [1, 5], [0, 0], [1, 1], [0, 0], [0, 0], [3, 8], [0, 0], [0, 0], [0, 0], [1, 2], [1, 1], [0, 0], [0, 0], [0, 0]]
[[0, 0], [0, 0], [0, 0], [0, 0], [0, 0], [0, 0], [0, 1], [0, 0], [0, 0], [0, 0], [0, 1], [0, 0], [0, 0], [0, 0], [0, 0]]
[[0, 0], [0, 0], [0, 0], [0, 0], [0, 0], [0, 0], [0, 0], [0, 0], [0, 0], [0, 0], [0, 0], [0, 0], [0, 0], [0, 0], [0, 0]]
[[0, 0], [0, 0], [0, 0], [0, 0], [0, 0], [0, 0], [0, 0], [0, 0], [0, 0], [0, 0], [0, 0], [0, 0], [0, 0], [0, 0], [0, 0]]
[[0, 0], [0, 0], [0, 0], [0, 0], [0, 0], [0, 0], [0, 0], [0, 0], [0, 0], [0, 0], [0, 0], [0, 0], [0, 0], [0, 0], [0, 0]]
[[0, 0], [4, 6], [0, 0], [4, 5], [0, 1], [0, 0], [9, 17], [2, 2], [3, 9], [0, 0], [7, 17], [0, 0], [0, 0], [1, 1], [0, 0]]
[[2, 6], [7, 14], [0, 0], [4, 6], [2, 6], [0, 0], [23, 48], [4, 8], [7, 16], [0, 0], [24, 49], [1, 1], [0, 0], [0, 0], [0, 0]]
[[0, 0], [0, 0], [0, 0], [0, 0], [0, 0], [0, 0], [0, 0], [0, 0], [0, 0], [0, 0], [0, 1], [0, 1], [0, 0], [0, 0], [0, 0]]
[[1, 5], [2, 6], [0, 0], [2, 4], [0, 0], [0, 0], [18, 29], [1, 1], [3, 7], [0, 0], [19, 28], [0, 0], [0, 0], [0, 0], [0, 0]]
[[1, 1], [4, 6], [0, 0], [0, 0], [0, 0], [0, 0], [8, 13], [2, 3], [3, 5], [0, 0], [8, 14], [0, 0], [0, 0], [0, 0], [0, 0]]
[[0, 0], [0, 0], [0, 0], [0, 0], [0, 0], [0, 0], [0, 0], [0, 0], [0, 0], [0, 0], [0, 0], [0, 0], [0, 0], [0, 0], [0, 0]]
[[8, 17], [25, 48], [0, 0], [11, 29], [5, 13], [0, 0], [63, 126], [11, 17], [23, 59], [0, 0], [53, 119], [1, 2], [1, 1], [2, 2], [3, 5]]
[[0, 2], [4, 8], [0, 0], [0, 1], [1, 3], [0, 0], [6, 17], [1, 2], [1, 5], [0, 0], [9, 22], [0, 0], [0, 0], [0, 0], [0, 0]]
[[6, 9], [9, 16], [0, 0], [4, 7], [2, 5], [0, 0], [36, 59], [4, 5], [4, 8], [0, 0], [35, 67], [0, 0], [1, 1], [1, 1], [0, 0]]
[[0, 0], [0, 0], [0, 0], [0, 0], [0, 0], [0, 0], [0, 0], [0, 0], [0, 0], [0, 0], [0, 0], [0, 0], [0, 0], [0, 0], [0, 0]]
[[10, 17], [25, 49], [1, 1], [9, 28], [6, 14], [0, 0], [66, 119], [13, 22], [32, 67], [0, 0], [41, 82], [2, 2], [0, 0], [0, 0], [3, 5]]
[[0, 0], [0, 1], [1, 1], [0, 0], [0, 0], [0, 0], [1, 2], [0, 0], [0, 0], [0, 0], [0, 2], [0, 0], [0, 0], [0, 0], [0, 0]]
[[0, 0], [0, 0], [0, 0], [0, 0], [0, 0], [0, 0], [0, 1], [0, 0], [0, 1], [0, 0], [0, 0], [0, 0], [0, 0], [0, 0], [0, 0]]
[[0, 1], [0, 0], [0, 0], [0, 0], [0, 0], [0, 0], [0, 2], [0, 0], [0, 1], [0, 0], [0, 0], [0, 0], [0, 0], [0, 0], [0, 0]]
[[0, 0], [0, 0], [0, 0], [0, 0], [0, 0], [0, 0], [2, 5], [0, 0], [0, 0], [0, 0], [2, 5], [0, 0], [0, 0], [0, 0], [0, 0]]
[[0, 0], [0, 0], [0, 0], [0, 0], [0, 0], [0, 0], [0, 0], [0, 0], [0, 0], [0, 0], [0, 0], [0, 0], [0, 0], [0, 0], [0, 0]]
[[0, 0], [0, 0], [0, 0], [0, 0], [0, 0], [0, 0], [1, 2], [0, 1], [0, 2], [0, 0], [1, 3], [0, 0], [0, 0], [0, 0], [0, 0]]
[[0, 0], [0, 0], [0, 0], [0, 0], [0, 0], [0, 0], [0, 0], [0, 0], [0, 0], [0, 0], [0, 0], [0, 0], [0, 0], [0, 0], [0, 0]]
[[0, 0], [0, 0], [0, 0], [0, 0], [0, 0], [0, 0], [2, 3], [0, 2], [1, 3], [0, 0], [3, 4], [0, 0], [0, 0], [0, 0], [0, 0]]
[[0, 0], [0, 0], [0, 0], [0, 0], [0, 0], [0, 0], [0, 1], [0, 0], [0, 0], [0, 0], [0, 1], [0, 0], [0, 0], [0, 0], [0, 0]]
[[0, 0], [0, 0], [0, 0], [0, 0], [0, 0], [0, 0], [0, 0], [0, 0], [0, 0], [0, 0], [0, 0], [0, 0], [0, 0], [0, 0], [0, 0]]
[[0, 0], [1, 2], [0, 0], [1, 3], [1, 1], [0, 0], [2, 4], [0, 0], [2, 5], [0, 0], [3, 7], [0, 0], [0, 0], [0, 0], [0, 0]]
[[0, 0], [1, 1], [0, 0], [2, 2], [0, 0], [0, 0], [0, 0], [0, 0], [0, 1], [0, 0], [1, 2], [0, 0], [0, 0], [0, 0], [0, 0]]
[[0, 0], [2, 2], [0, 0], [2, 3], [0, 0], [0, 0], [3, 5], [1, 1], [1, 2], [0, 0], [3, 5], [0, 0], [0, 0], [0, 0], [0, 0]]
[[0, 0], [0, 0], [0, 0], [0, 0], [0, 0], [0, 0], [0, 0], [0, 0], [0, 0], [0, 0], [0, 0], [0, 0], [0, 0], [0, 0], [0, 0]]
[[0, 0], [2, 3], [0, 0], [1, 4], [1, 1], [0, 0], [4, 7], [1, 2], [2, 5], [0, 0], [3, 6], [0, 0], [0, 0], [0, 0], [0, 0]]
[[0, 0], [0, 0], [0, 0], [0, 0], [0, 0], [0, 0], [0, 0], [0, 0], [0, 0], [0, 0], [0, 0], [0, 0], [0, 0], [0, 0], [0, 0]]
[[0, 0], [0, 0], [0, 0], [0, 0], [0, 0], [0, 0], [0, 0], [0, 0], [0, 0], [0, 0], [0, 0], [0, 0], [0, 0], [0, 0], [0, 0]]
[[0, 0], [0, 0], [0, 0], [0, 0], [0, 0], [0, 0], [0, 0], [0, 0], [0, 0], [0, 0], [0, 0], [0, 0], [0, 0], [0, 0], [0, 0]]
[[0, 0], [0, 0], [0, 0], [0, 0], [0, 0], [0, 0], [0, 0], [0, 0], [0, 0], [0, 0], [0, 0], [0, 0], [0, 0], [0, 0], [0, 0]]
[[0, 0], [2, 2], [0, 0], [3, 3], [0, 0], [0, 0], [11, 17], [1, 1], [2, 2], [0, 0], [11, 17], [0, 0], [0, 0], [0, 0], [0, 0]]
[[0, 2], [7, 14], [0, 0], [2, 3], [1, 1], [0, 0], [23, 48], [2, 3], [7, 13], [0, 0], [19, 42], [0, 0], [2, 2], [0, 0], [1, 2]]
[[0, 0], [0, 0], [0, 0], [0, 0], [0, 0], [0, 0], [1, 5], [0, 0], [1, 3], [0, 0], [2, 4], [0, 0], [0, 0], [0, 0], [0, 0]]
[[0, 3], [1, 3], [0, 0], [1, 2], [1, 1], [0, 0], [13, 27], [5, 8], [4, 8], [0, 0], [14, 26], [0, 0], [0, 0], [1, 1], [0, 1]]
[[0, 0], [0, 1], [0, 0], [0, 1], [0, 0], [0, 0], [1, 4], [0, 0], [0, 1], [0, 0], [1, 3], [0, 0], [0, 0], [0, 0], [0, 0]]
[[0, 0], [0, 0], [0, 0], [0, 0], [0, 0], [0, 0], [0, 0], [0, 0], [0, 0], [0, 0], [0, 0], [0, 0], [0, 0], [0, 0], [0, 0]]
[[6, 17], [25, 48], [4, 5], [14, 27], [3, 4], [0, 0], [47, 94], [19, 33], [31, 62], [2, 2], [48, 106], [0, 0], [2, 2], [5, 7], [4, 5]]
[[0, 1], [1, 3], [0, 0], [3, 8], [0, 0], [0, 0], [14, 33], [0, 0], [4, 6], [0, 0], [12, 28], [0, 0], [1, 1], [1, 1], [0, 1]]
[[0, 2], [6, 13], [2, 3], [4, 8], [1, 1], [0, 0], [31, 62], [2, 6], [5, 10], [0, 0], [27, 56], [0, 0], [0, 0], [2, 3], [0, 0]]
[[0, 0], [0, 0], [0, 0], [0, 0], [0, 0], [0, 0], [0, 2], [0, 0], [0, 0], [0, 0], [0, 2], [0, 0], [0, 0], [0, 0], [0, 0]]
[[6, 17], [23, 42], [2, 4], [12, 26], [2, 3], [0, 0], [58, 106], [16, 28], [29, 56], [2, 2], [49, 98], [0, 0], [1, 1], [5, 6], [3, 5]]
[[0, 0], [0, 0], [0, 0], [0, 0], [0, 0], [0, 0], [0, 0], [0, 0], [0, 0], [0, 0], [0, 0], [0, 0], [0, 0], [0, 0], [0, 0]]
[[0, 0], [0, 2], [0, 0], [0, 0], [0, 0], [0, 0], [0, 2], [0, 1], [0, 0], [0, 0], [0, 1], [0, 0], [0, 0], [0, 0], [0, 0]]
[[0, 0], [0, 0], [0, 0], [0, 1], [0, 0], [0, 0], [2, 7], [0, 1], [1, 3], [0, 0], [1, 6], [0, 0], [0, 0], [0, 0], [0, 0]]
[[0, 0], [1, 2], [0, 0], [1, 1], [0, 0], [0, 0], [1, 5], [1, 1], [0, 0], [0, 0], [2, 5], [0, 0], [0, 0], [0, 0], [0, 0]]
[[0, 0], [0, 1], [0, 0], [0, 0], [0, 0], [0, 0], [0, 1], [0, 0], [0, 0], [0, 0], [0, 0], [0, 0], [0, 0], [0, 0], [0, 0]]
[[1, 1], [0, 0], [0, 0], [0, 0], [0, 0], [0, 0], [3, 5], [1, 1], [0, 0], [0, 0], [3, 5], [0, 0], [0, 0], [0, 0], [0, 0]]
[[0, 0], [0, 0], [0, 0], [0, 0], [0, 0], [0, 0], [0, 0], [0, 0], [0, 0], [0, 0], [0, 0], [0, 0], [0, 0], [0, 0], [0, 0]]
[[0, 0], [0, 0], [0, 0], [0, 0], [0, 0], [0, 0], [0, 1], [0, 0], [0, 0], [0, 0], [0, 1], [0, 0], [0, 0], [0, 0], [0, 0]]
[[0, 0], [0, 0], [0, 0], [0, 0], [0, 0], [0, 0], [0, 0], [0, 0], [0, 0], [0, 0], [0, 0], [0, 0], [0, 0], [0, 0], [0, 0]]
[[0, 0], [0, 0], [0, 0], [0, 0], [0, 0], [0, 0], [0, 0], [0, 0], [0, 0], [0, 0], [0, 0], [0, 0], [0, 0], [0, 0], [0, 0]]
[[1, 1], [2, 5], [0, 0], [1, 1], [0, 0], [0, 0], [4, 8], [1, 1], [3, 4], [0, 0], [4, 6], [0, 0], [0, 0], [0, 0], [0, 0]]
[[0, 0], [0, 1], [0, 0], [0, 0], [0, 0], [0, 0], [0, 1], [0, 0], [0, 0], [0, 0], [0, 0], [0, 0], [0, 0], [0, 0], [0, 0]]
[[0, 0], [0, 0], [0, 0], [0, 0], [0, 0], [0, 0], [1, 4], [0, 0], [0, 0], [0, 0], [1, 4], [0, 0], [0, 0], [0, 0], [0, 0]]
[[0, 0], [0, 0], [0, 0], [0, 0], [0, 0], [0, 0], [0, 0], [0, 0], [0, 0], [0, 0], [0, 0], [0, 0], [0, 0], [0, 0], [0, 0]]
[[0, 0], [2, 5], [0, 0], [1, 1], [0, 0], [0, 0], [2, 6], [0, 0], [3, 4], [0, 0], [2, 4], [0, 0], [0, 0], [0, 0], [0, 0]]
[[0, 0], [0, 0], [0, 0], [0, 0], [0, 0], [0, 0], [0, 0], [0, 0], [0, 0], [0, 0], [0, 0], [0, 0], [0, 0], [0, 0], [0, 0]]
[[0, 0], [0, 0], [0, 0], [0, 0], [0, 0], [0, 0], [0, 0], [0, 0], [0, 0], [0, 0], [0, 0], [0, 0], [0, 0], [0, 0], [0, 0]]
[[0, 0], [0, 0], [0, 0], [0, 0], [0, 0], [0, 0], [0, 0], [0, 0], [0, 0], [0, 0], [0, 0], [0, 0], [0, 0], [0, 0], [0, 0]]
[[0, 0], [0, 0], [0, 0], [0, 0], [0, 0], [0, 0], [0, 0], [0, 0], [0, 0], [0, 0], [0, 0], [0, 0], [0, 0], [0, 0], [0, 0]]
[[0, 0], [0, 1], [0, 0], [2, 7], [1, 4], [0, 0], [5, 17], [1, 2], [4, 8], [0, 0], [11, 33], [0, 1], [1, 1], [1, 1], [0, 1]]
[[1, 1], [0, 0], [0, 0], [0, 2], [0, 0], [0, 0], [1, 9], [1, 1], [1, 2], [0, 0], [2, 9], [0, 0], [0, 0], [1, 1], [1, 1]]
[[0, 0], [0, 0], [0, 0], [0, 0], [0, 0], [0, 1], [2, 6], [0, 0], [1, 1], [0, 0], [3, 8], [0, 0], [0, 0], [0, 0], [0, 0]]
[[5, 7], [2, 2], [0, 0], [2, 4], [3, 7], [0, 0], [16, 35], [2, 4], [4, 7], [0, 0], [19, 50], [0, 0], [1, 1], [1, 2], [1, 1]]
[[3, 4], [0, 0], [0, 0], [4, 7], [0, 0], [0, 1], [8, 23], [2, 4], [1, 7], [0, 0], [12, 33], [0, 0], [0, 1], [0, 0], [0, 0]]
[[0, 0], [0, 0], [1, 1], [0, 0], [1, 1], [0, 0], [4, 6], [1, 1], [0, 0], [0, 0], [5, 7], [0, 0], [0, 0], [0, 0], [0, 0]]
[[12, 17], [8, 9], [4, 6], [19, 35], [15, 23], [2, 6], [18, 36], [13, 20], [16, 25], [1, 4], [52, 108], [2, 4], [2, 6], [7, 16], [3, 3]]
[[1, 2], [0, 1], [0, 0], [2, 4], [2, 4], [0, 1], [7, 20], [0, 0], [2, 4], [0, 0], [9, 24], [0, 0], [1, 1], [1, 2], [1, 1]]
[[4, 8], [1, 2], [0, 1], [3, 7], [6, 7], [0, 0], [9, 25], [2, 4], [5, 10], [1, 2], [12, 35], [1, 1], [0, 1], [2, 3], [0, 0]]
[[0, 0], [0, 0], [0, 0], [0, 0], [0, 0], [0, 0], [3, 4], [0, 0], [1, 2], [0, 0], [3, 4], [0, 0], [0, 0], [1, 1], [0, 1]]
[[22, 33], [7, 9], [5, 8], [31, 50], [21, 33], [2, 7], [56, 108], [15, 24], [23, 35], [1, 4], [95, 190], [3, 5], [3, 6], [6, 18], [4, 4]]
[[1, 1], [0, 0], [0, 0], [0, 0], [0, 0], [0, 0], [2, 4], [0, 0], [0, 1], [0, 0], [2, 5], [0, 0], [0, 0], [0, 0], [1, 1]]
[[0, 1], [0, 0], [0, 0], [0, 1], [1, 1], [0, 0], [4, 6], [0, 1], [1, 1], [0, 0], [3, 6], [0, 0], [0, 0], [0, 0], [1, 1]]
[[0, 1], [0, 1], [0, 0], [1, 2], [0, 0], [0, 0], [9, 16], [1, 2], [1, 3], [0, 1], [12, 18], [0, 0], [0, 0], [0, 0], [0, 0]]
[[1, 1], [0, 1], [0, 0], [0, 1], [0, 0], [0, 0], [0, 3], [0, 1], [0, 0], [1, 1], [0, 4], [0, 1], [0, 1], [0, 0], [0, 0]]
[[0, 0], [0, 0], [0, 0], [0, 0], [0, 0], [0, 0], [0, 0], [0, 0], [0, 0], [0, 0], [0, 0], [0, 0], [0, 0], [0, 0], [0, 0]]
[[0, 0], [0, 0], [0, 0], [0, 0], [0, 0], [0, 0], [0, 0], [0, 0], [0, 0], [0, 0], [0, 0], [0, 0], [0, 0], [0, 0], [0, 0]]
[[0, 0], [0, 0], [0, 0], [0, 0], [0, 0], [0, 0], [0, 0], [0, 0], [0, 0], [0, 0], [0, 0], [0, 0], [0, 0], [0, 0], [0, 0]]
[[0, 0], [0, 0], [0, 0], [0, 0], [0, 0], [0, 0], [3, 5], [0, 0], [0, 0], [0, 0], [4, 6], [0, 0], [1, 1], [0, 0], [0, 0]]
[[0, 0], [0, 0], [0, 0], [0, 0], [0, 0], [0, 0], [0, 0], [0, 0], [0, 0], [0, 0], [0, 0], [0, 0], [0, 0], [0, 0], [0, 0]]
[[0, 0], [0, 0], [0, 0], [0, 0], [0, 0], [0, 0], [0, 0], [0, 0], [0, 0], [0, 0], [0, 0], [0, 0], [0, 0], [0, 0], [0, 0]]
[[0, 0], [0, 0], [0, 0], [2, 5], [0, 0], [0, 0], [0, 0], [2, 2], [0, 0], [1, 3], [4, 5], [0, 0], [0, 0], [1, 1], [0, 0]]
[[0, 0], [0, 0], [0, 0], [0, 0], [0, 0], [0, 0], [0, 2], [0, 0], [0, 0], [0, 0], [0, 2], [0, 0], [0, 0], [0, 0], [0, 0]]
[[0, 0], [0, 0], [0, 0], [0, 0], [0, 0], [0, 0], [0, 0], [0, 0], [0, 0], [0, 0], [0, 0], [0, 0], [0, 0], [0, 0], [0, 0]]
[[0, 0], [0, 0], [0, 0], [0, 0], [0, 0], [0, 0], [2, 3], [0, 0], [0, 0], [0, 0], [3, 4], [0, 0], [1, 1], [0, 0], [0, 0]]
[[0, 0], [0, 0], [0, 0], [2, 6], [0, 0], [0, 0], [1, 5], [2, 2], [0, 0], [1, 4], [5, 10], [0, 0], [0, 0], [1, 1], [0, 0]]
[[0, 0], [0, 0], [0, 0], [0, 0], [0, 0], [0, 0], [0, 0], [0, 0], [0, 0], [0, 0], [0, 0], [0, 0], [0, 0], [0, 0], [0, 0]]
[[0, 0], [0, 0], [0, 0], [0, 1], [0, 0], [0, 0], [0, 0], [0, 0], [0, 0], [0, 1], [0, 0], [0, 0], [0, 0], [0, 0], [0, 0]]
[[0, 0], [0, 0], [0, 0], [0, 0], [0, 0], [0, 0], [0, 1], [0, 0], [0, 0], [0, 0], [0, 1], [0, 0], [0, 0], [0, 0], [0, 0]]
[[0, 0], [0, 0], [0, 0], [0, 0], [0, 0], [0, 0], [0, 0], [0, 0], [0, 0], [0, 0], [0, 0], [0, 0], [0, 0], [0, 0], [0, 0]]
[[13, 26], [5, 8], [7, 13], [19, 45], [4, 6], [2, 2], [27, 59], [14, 18], [7, 12], [4, 7], [12, 20], [1, 2], [0, 0], [1, 3], [0, 1]]
[[3, 8], [3, 6], [1, 4], [6, 18], [1, 2], [0, 0], [9, 24], [5, 11], [5, 6], [1, 5], [1, 6], [2, 4], [0, 0], [3, 4], [0, 0]]
[[6, 13], [3, 4], [3, 6], [7, 19], [3, 3], [0, 1], [9, 21], [3, 5], [1, 2], [1, 2], [0, 2], [0, 1], [0, 0], [0, 2], [0, 1]]
[[26, 45], [12, 18], [12, 19], [25, 50], [9, 13], [1, 1], [57, 86], [20, 25], [14, 22], [7, 8], [14, 23], [1, 3], [1, 1], [11, 20], [0, 0]]
[[2, 6], [1, 2], [0, 3], [4, 13], [0, 0], [0, 0], [1, 9], [1, 4], [3, 4], [2, 2], [3, 4], [0, 0], [0, 0], [2, 2], [1, 1]]
[[0, 2], [0, 0], [1, 1], [0, 1], [0, 0], [0, 0], [1, 1], [1, 2], [0, 1], [1, 1], [0, 0], [0, 1], [0, 0], [0, 0], [0, 0]]
[[32, 59], [15, 24], [12, 21], [29, 86], [8, 9], [0, 1], [44, 88], [18, 33], [17, 23], [7, 17], [10, 26], [2, 3], [0, 0], [11, 17], [1, 1]]
[[4, 18], [6, 11], [2, 5], [5, 25], [3, 4], [1, 2], [15, 33], [6, 12], [1, 5], [5, 10], [6, 12], [0, 0], [0, 0], [2, 3], [0, 0]]
[[5, 12], [1, 6], [1, 2], [8, 22], [1, 4], [1, 1], [6, 23], [4, 5], [5, 10], [0, 1], [4, 6], [1, 2], [0, 0], [2, 5], [1, 1]]
[[3, 7], [4, 5], [1, 2], [1, 8], [0, 2], [0, 1], [10, 17], [5, 10], [1, 1], [1, 2], [2, 5], [1, 3], [0, 0], [1, 3], [0, 0]]
[[8, 20], [5, 6], [2, 2], [9, 23], [1, 4], [0, 0], [16, 26], [6, 12], [2, 6], [3, 5], [2, 4], [0, 2], [1, 1], [4, 6], [1, 1]]
[[1, 2], [2, 4], [1, 1], [2, 3], [0, 0], [1, 1], [1, 3], [0, 0], [1, 2], [2, 3], [2, 2], [0, 0], [0, 0], [1, 1], [0, 0]]
[[0, 0], [0, 0], [0, 0], [0, 1], [0, 0], [0, 0], [0, 0], [0, 0], [0, 0], [0, 0], [0, 1], [0, 0], [0, 0], [0, 0], [0, 0]]
[[2, 3], [1, 4], [2, 2], [9, 20], [0, 2], [0, 0], [6, 17], [1, 3], [3, 5], [2, 3], [2, 6], [0, 1], [0, 0], [2, 4], [0, 0]]
[[1, 1], [0, 0], [1, 1], [0, 0], [0, 1], [0, 0], [0, 1], [0, 0], [0, 1], [0, 0], [0, 1], [0, 0], [0, 0], [0, 0], [0, 0]]
[[0, 0], [0, 0], [0, 0], [0, 3], [0, 0], [0, 0], [0, 2], [0, 0], [0, 0], [0, 1], [0, 0], [0, 0], [0, 0], [0, 0], [0, 0]]
[[0, 0], [0, 0], [0, 0], [0, 0], [0, 1], [0, 0], [0, 1], [0, 1], [0, 0], [0, 0], [0, 1], [0, 0], [0, 0], [0, 0], [0, 0]]
[[0, 0], [0, 0], [0, 0], [4, 4], [0, 1], [0, 0], [4, 5], [0, 1], [0, 0], [0, 0], [0, 1], [0, 0], [0, 0], [1, 1], [1, 1]]
[[3, 3], [0, 0], [0, 4], [4, 8], [1, 1], [0, 0], [1, 4], [1, 1], [1, 1], [1, 2], [1, 1], [1, 1], [0, 0], [0, 4], [0, 0]]
[[0, 0], [1, 1], [1, 1], [0, 1], [0, 0], [0, 0], [0, 1], [0, 0], [0, 0], [0, 0], [0, 0], [0, 0], [0, 0], [0, 0], [0, 0]]
[[0, 0], [0, 0], [0, 0], [0, 0], [0, 0], [0, 0], [0, 0], [0, 0], [0, 0], [0, 0], [0, 0], [0, 0], [0, 0], [0, 0], [0, 0]]
[[2, 2], [1, 1], [1, 5], [3, 4], [1, 1], [0, 0], [1, 2], [1, 1], [1, 1], [1, 1], [1, 1], [1, 1], [0, 0], [0, 4], [0, 0]]
[[0, 0], [1, 1], [1, 1], [0, 1], [0, 0], [0, 0], [0, 1], [0, 0], [1, 1], [0, 0], [0, 0], [0, 0], [0, 0], [1, 1], [0, 0]]
[[0, 0], [0, 0], [0, 0], [0, 1], [0, 0], [0, 0], [0, 1], [0, 1], [0, 0], [0, 0], [0, 1], [0, 0], [0, 0], [0, 0], [0, 0]]
[[1, 1], [0, 0], [0, 0], [1, 2], [0, 0], [0, 0], [0, 1], [0, 0], [0, 0], [0, 0], [0, 0], [0, 0], [0, 0], [0, 0], [0, 0]]
[[0, 0], [1, 1], [1, 1], [0, 1], [0, 0], [0, 0], [0, 1], [0, 0], [1, 1], [0, 0], [0, 0], [0, 0], [0, 0], [1, 1], [0, 0]]
[[0, 0], [0, 0], [0, 0], [0, 1], [0, 0], [0, 0], [0, 1], [0, 0], [0, 0], [0, 0], [0, 0], [0, 0], [0, 0], [0, 0], [0, 0]]
[[0, 0], [0, 0], [0, 0], [0, 0], [0, 0], [0, 0], [0, 0], [0, 0], [0, 0], [0, 0], [0, 0], [0, 0], [0, 0], [0, 0], [0, 0]]
[[0, 0], [0, 0], [0, 1], [4, 4], [0, 0], [0, 0], [4, 4], [0, 1], [0, 0], [0, 0], [0, 1], [0, 0], [0, 0], [1, 2], [1, 1]]
[[0, 0], [0, 0], [0, 1], [0, 0], [0, 0], [0, 0], [0, 0], [0, 0], [0, 0], [0, 0], [0, 0], [0, 0], [0, 0], [0, 1], [0, 0]]
[[2, 4], [5, 18], [1, 1], [0, 1], [0, 6], [0, 1], [8, 20], [1, 3], [9, 20], [0, 0], [0, 2], [0, 0], [0, 0], [0, 0], [0, 0]]
[[13, 18], [32, 64], [0, 0], [4, 10], [17, 28], [1, 2], [47, 84], [7, 11], [41, 84], [0, 0], [30, 51], [3, 4], [1, 3], [1, 2], [1, 1]]
[[0, 1], [0, 0], [0, 0], [0, 0], [0, 0], [0, 0], [0, 0], [0, 0], [0, 0], [0, 0], [0, 1], [0, 0], [0, 0], [0, 0], [0, 0]]
[[1, 1], [6, 10], [0, 0], [0, 0], [2, 4], [0, 0], [10, 12], [0, 1], [4, 9], [0, 0], [4, 6], [1, 1], [0, 0], [0, 0], [0, 0]]
[[6, 6], [11, 28], [0, 0], [2, 4], [8, 16], [2, 3], [18, 35], [1, 3], [20, 36], [0, 0], [9, 13], [1, 2], [0, 0], [4, 4], [0, 0]]
[[1, 1], [1, 2], [0, 0], [0, 0], [1, 3], [0, 0], [1, 2], [0, 0], [0, 1], [0, 0], [0, 0], [0, 0], [0, 0], [0, 1], [0, 0]]
[[12, 20], [37, 84], [0, 0], [2, 12], [17, 35], [1, 2], [37, 74], [8, 16], [51, 97], [0, 0], [24, 47], [1, 5], [0, 3], [2, 5], [2, 2]]
[[2, 3], [4, 11], [0, 0], [1, 1], [2, 3], [0, 0], [8, 16], [1, 2], [5, 13], [0, 0], [1, 5], [0, 0], [0, 0], [0, 0], [0, 0]]
[[11, 20], [43, 84], [0, 0], [5, 9], [16, 36], [1, 1], [46, 97], [8, 13], [38, 76], [0, 0], [19, 43], [0, 2], [1, 4], [4, 7], [0, 0]]
[[0, 0], [0, 0], [0, 0], [0, 0], [0, 0], [0, 0], [0, 0], [0, 0], [0, 0], [0, 0], [0, 0], [0, 0], [0, 0], [0, 0], [0, 0]]
[[2, 2], [21, 51], [1, 1], [2, 6], [4, 13], [0, 0], [23, 47], [4, 5], [24, 43], [0, 0], [9, 18], [0, 0], [0, 0], [1, 1], [1, 1]]
[[0, 0], [1, 4], [0, 0], [0, 1], [1, 2], [0, 0], [4, 5], [0, 0], [2, 2], [0, 0], [0, 0], [0, 0], [0, 0], [0, 0], [0, 0]]
[[0, 0], [2, 3], [0, 0], [0, 0], [0, 0], [0, 0], [3, 3], [0, 0], [3, 4], [0, 0], [0, 0], [0, 0], [0, 0], [0, 0], [0, 0]]
[[0, 0], [1, 2], [0, 0], [0, 0], [0, 4], [1, 1], [3, 5], [0, 0], [3, 7], [0, 0], [0, 1], [0, 0], [0, 0], [0, 0], [0, 0]]
[[0, 0], [0, 1], [0, 0], [0, 0], [0, 0], [0, 0], [0, 2], [0, 0], [0, 0], [0, 0], [0, 1], [0, 0], [0, 0], [0, 0], [0, 0]]
[[1, 2], [5, 11], [0, 0], [0, 1], [5, 7], [0, 0], [7, 17], [0, 3], [11, 20], [0, 0], [4, 9], [0, 2], [0, 2], [0, 1], [1, 1]]
[[6, 11], [32, 64], [1, 1], [4, 7], [28, 44], [1, 1], [38, 64], [10, 11], [41, 86], [0, 0], [22, 31], [7, 8], [1, 2], [2, 2], [1, 2]]
[[0, 0], [0, 1], [0, 0], [0, 0], [0, 0], [0, 0], [0, 0], [0, 0], [0, 1], [0, 0], [0, 0], [0, 0], [0, 0], [0, 0], [0, 0]]
[[1, 1], [3, 7], [0, 0], [0, 0], [1, 4], [0, 0], [3, 9], [0, 0], [8, 14], [0, 0], [4, 8], [0, 0], [0, 0], [0, 1], [0, 0]]
[[2, 7], [16, 44], [0, 0], [3, 4], [8, 16], [0, 0], [20, 40], [2, 3], [16, 40], [0, 0], [8, 17], [1, 3], [0, 0], [0, 0], [0, 0]]
[[0, 0], [0, 1], [0, 0], [0, 0], [0, 0], [0, 0], [0, 1], [0, 0], [1, 2], [0, 0], [0, 1], [1, 1], [0, 0], [0, 0], [0, 0]]
[[10, 17], [26, 64], [0, 0], [6, 9], [20, 40], [1, 1], [31, 62], [9, 14], [48, 95], [0, 0], [17, 34], [6, 8], [0, 2], [2, 3], [0, 3]]
[[3, 3], [1, 11], [0, 0], [0, 0], [1, 3], [0, 0], [5, 14], [1, 2], [4, 9], [0, 0], [0, 3], [1, 1], [0, 0], [0, 0], [0, 0]]
[[9, 20], [45, 86], [1, 1], [6, 14], [24, 40], [1, 2], [47, 95], [5, 9], [50, 100], [0, 0], [19, 40], [1, 4], [1, 4], [5, 6], [2, 3]]
[[0, 0], [0, 0], [0, 0], [0, 0], [0, 0], [0, 0], [0, 0], [0, 0], [0, 0], [0, 0], [0, 0], [0, 0], [0, 0], [0, 0], [0, 0]]
[[5, 9], [9, 31], [0, 0], [4, 8], [9, 17], [1, 1], [17, 34], [3, 3], [21, 40], [0, 0], [3, 6], [0, 0], [0, 0], [0, 0], [0, 1]]
[[2, 2], [1, 8], [0, 0], [0, 0], [2, 3], [0, 1], [2, 8], [0, 1], [3, 4], [0, 0], [0, 0], [1, 2], [0, 0], [1, 1], [0, 0]]
[[2, 2], [1, 2], [0, 0], [0, 0], [0, 0], [0, 0], [2, 2], [0, 0], [3, 4], [0, 0], [0, 0], [0, 0], [0, 0], [0, 0], [0, 0]]
[[1, 1], [0, 2], [0, 0], [1, 1], [0, 0], [0, 0], [1, 3], [0, 0], [1, 6], [0, 0], [0, 0], [0, 1], [0, 0], [0, 0], [0, 0]]
[[0, 1], [1, 2], [0, 0], [0, 0], [0, 0], [0, 0], [3, 3], [0, 0], [1, 3], [0, 0], [1, 1], [0, 0], [0, 0], [0, 0], [0, 0]]
[[1, 2], [5, 11], [0, 0], [0, 1], [5, 7], [0, 0], [7, 17], [0, 3], [11, 20], [0, 0], [4, 9], [0, 2], [0, 2], [0, 1], [1, 1]]
[[6, 11], [32, 64], [1, 1], [4, 7], [28, 44], [1, 1], [38, 64], [10, 11], [41, 86], [0, 0], [22, 31], [7, 8], [1, 2], [2, 2], [1, 2]]
[[0, 0], [0, 1], [0, 0], [0, 0], [0, 0], [0, 0], [0, 0], [0, 0], [0, 1], [0, 0], [0, 0], [0, 0], [0, 0], [0, 0], [0, 0]]
[[1, 1], [3, 7], [0, 0], [0, 0], [1, 4], [0, 0], [3, 9], [0, 0], [8, 14], [0, 0], [4, 8], [0, 0], [0, 0], [0, 1], [0, 0]]
[[2, 7], [16, 44], [0, 0], [3, 4], [8, 16], [0, 0], [20, 40], [2, 3], [16, 40], [0, 0], [8, 17], [1, 3], [0, 0], [0, 0], [0, 0]]
[[0, 0], [0, 1], [0, 0], [0, 0], [0, 0], [0, 0], [0, 1], [0, 0], [1, 2], [0, 0], [0, 1], [1, 1], [0, 0], [0, 0], [0, 0]]
[[10, 17], [26, 64], [0, 0], [6, 9], [20, 40], [1, 1], [31, 62], [9, 14], [48, 95], [0, 0], [17, 34], [6, 8], [0, 2], [2, 3], [0, 3]]
[[3, 3], [1, 11], [0, 0], [0, 0], [1, 3], [0, 0], [5, 14], [1, 2], [4, 9], [0, 0], [0, 3], [1, 1], [0, 0], [0, 0], [0, 0]]
[[9, 20], [45, 86], [1, 1], [6, 14], [24, 40], [1, 2], [47, 95], [5, 9], [50, 100], [0, 0], [19, 40], [1, 4], [1, 4], [5, 6], [2, 3]]
[[0, 0], [0, 0], [0, 0], [0, 0], [0, 0], [0, 0], [0, 0], [0, 0], [0, 0], [0, 0], [0, 0], [0, 0], [0, 0], [0, 0], [0, 0]]
[[5, 9], [9, 31], [0, 0], [4, 8], [9, 17], [1, 1], [17, 34], [3, 3], [21, 40], [0, 0], [3, 6], [0, 0], [0, 0], [0, 0], [0, 1]]
[[2, 2], [1, 8], [0, 0], [0, 0], [2, 3], [0, 1], [2, 8], [0, 1], [3, 4], [0, 0], [0, 0], [1, 2], [0, 0], [1, 1], [0, 0]]
[[2, 2], [1, 2], [0, 0], [0, 0], [0, 0], [0, 0], [2, 2], [0, 0], [3, 4], [0, 0], [0, 0], [0, 0], [0, 0], [0, 0], [0, 0]]
[[1, 1], [0, 2], [0, 0], [1, 1], [0, 0], [0, 0], [1, 3], [0, 0], [1, 6], [0, 0], [0, 0], [0, 1], [0, 0], [0, 0], [0, 0]]
[[0, 1], [1, 2], [0, 0], [0, 0], [0, 0], [0, 0], [3, 3], [0, 0], [1, 3], [0, 0], [1, 1], [0, 0], [0, 0], [0, 0], [0, 0]]
[[18, 36], [3, 7], [32, 72], [34, 62], [2, 8], [34, 69], [3, 5], [14, 25]]
[[4, 7], [0, 0], [4, 6], [5, 8], [0, 0], [2, 6], [1, 2], [2, 5]]
[[40, 72], [2, 6], [47, 94], [39, 84], [13, 24], [47, 105], [6, 9], [16, 28]]
[[28, 62], [3, 8], [45, 84], [22, 44], [7, 16], [43, 89], [1, 6], [13, 23]]
[[6, 8], [0, 0], [11, 24], [9, 16], [0, 0], [10, 20], [0, 0], [4, 6]]
[[35, 69], [4, 6], [58, 105], [46, 89], [10, 20], [43, 86], [5, 11], [13, 26]]
[[2, 5], [1, 2], [3, 9], [5, 6], [0, 0], [6, 11], [0, 0], [1, 1]]
[[11, 25], [3, 5], [12, 28], [10, 23], [2, 6], [13, 26], [0, 1], [3, 6]]
[[18, 36], [3, 7], [32, 72], [34, 62], [2, 8], [34, 69], [3, 5], [14, 25]]
[[4, 7], [0, 0], [4, 6], [5, 8], [0, 0], [2, 6], [1, 2], [2, 5]]
[[40, 72], [2, 6], [47, 94], [39, 84], [13, 24], [47, 105], [6, 9], [16, 28]]
[[28, 62], [3, 8], [45, 84], [22, 44], [7, 16], [43, 89], [1, 6], [13, 23]]
[[6, 8], [0, 0], [11, 24], [9, 16], [0, 0], [10, 20], [0, 0], [4, 6]]
[[35, 69], [4, 6], [58, 105], [46, 89], [10, 20], [43, 86], [5, 11], [13, 26]]
[[2, 5], [1, 2], [3, 9], [5, 6], [0, 0], [6, 11], [0, 0], [1, 1]]
[[11, 25], [3, 5], [12, 28], [10, 23], [2, 6], [13, 26], [0, 1], [3, 6]]
[[18, 36], [3, 7], [32, 72], [34, 62], [2, 8], [34, 69], [3, 5], [14, 25]]
[[4, 7], [0, 0], [4, 6], [5, 8], [0, 0], [2, 6], [1, 2], [2, 5]]
[[40, 72], [2, 6], [47, 94], [39, 84], [13, 24], [47, 105], [6, 9], [16, 28]]
[[28, 62], [3, 8], [45, 84], [22, 44], [7, 16], [43, 89], [1, 6], [13, 23]]
[[6, 8], [0, 0], [11, 24], [9, 16], [0, 0], [10, 20], [0, 0], [4, 6]]
[[35, 69], [4, 6], [58, 105], [46, 89], [10, 20], [43, 86], [5, 11], [13, 26]]
[[2, 5], [1, 2], [3, 9], [5, 6], [0, 0], [6, 11], [0, 0], [1, 1]]
[[11, 25], [3, 5], [12, 28], [10, 23], [2, 6], [13, 26], [0, 1], [3, 6]]
[[10, 20], [6, 10], [1, 5], [6, 14], [17, 38], [2, 4], [6, 9], [22, 37], [1, 5], [26, 51], [5, 8], [2, 4], [13, 18], [1, 1]]
[[4, 10], [1, 2], [2, 2], [3, 8], [4, 9], [1, 1], [1, 5], [4, 10], [1, 3], [3, 9], [2, 5], [1, 1], [1, 7], [0, 0]]
[[4, 5], [0, 2], [0, 0], [2, 2], [1, 3], [1, 1], [1, 1], [4, 7], [0, 0], [0, 2], [2, 4], [1, 2], [2, 5], [0, 0]]
[[8, 14], [5, 8], [0, 2], [3, 6], [6, 24], [0, 3], [1, 3], [8, 25], [2, 7], [8, 23], [2, 3], [1, 4], [3, 7], [1, 1]]
[[21, 38], [5, 9], [2, 3], [18, 24], [19, 38], [5, 7], [6, 13], [26, 48], [11, 17], [32, 63], [6, 14], [5, 5], [12, 19], [0, 0]]
[[2, 4], [0, 1], [0, 1], [3, 3], [2, 7], [0, 0], [0, 1], [3, 5], [0, 0], [1, 5], [0, 1], [0, 0], [1, 2], [0, 0]]
[[3, 9], [4, 5], [0, 1], [2, 3], [7, 13], [1, 1], [1, 2], [3, 5], [2, 3], [8, 15], [0, 0], [0, 1], [3, 4], [0, 0]]
[[15, 37], [6, 10], [3, 7], [17, 25], [22, 48], [2, 5], [2, 5], [22, 44], [5, 13], [30, 64], [5, 8], [1, 5], [10, 19], [0, 0]]
[[4, 5], [2, 3], [0, 0], [5, 7], [6, 17], [0, 0], [1, 3], [8, 13], [0, 0], [9, 18], [1, 2], [0, 0], [4, 6], [0, 0]]
[[25, 51], [6, 9], [2, 2], [15, 23], [31, 63], [4, 5], [7, 15], [34, 64], [9, 18], [31, 62], [9, 14], [5, 10], [12, 24], [2, 2]]
[[3, 8], [3, 5], [2, 4], [1, 3], [8, 14], [1, 1], [0, 0], [3, 8], [1, 2], [5, 14], [2, 4], [0, 1], [1, 2], [0, 0]]
[[2, 4], [0, 1], [1, 2], [3, 4], [0, 5], [0, 0], [1, 1], [4, 5], [0, 0], [5, 10], [1, 1], [0, 0], [1, 1], [0, 0]]
[[5, 18], [6, 7], [3, 5], [4, 7], [7, 19], [1, 2], [1, 4], [9, 19], [2, 6], [12, 24], [1, 2], [0, 1], [3, 6], [0, 0]]
[[0, 1], [0, 0], [0, 0], [0, 1], [0, 0], [0, 0], [0, 0], [0, 0], [0, 0], [0, 2], [0, 0], [0, 0], [0, 0], [0, 0]]
[[10, 20], [6, 10], [1, 5], [6, 14], [17, 38], [2, 4], [6, 9], [22, 37], [1, 5], [26, 51], [5, 8], [2, 4], [13, 18], [1, 1]]
[[4, 10], [1, 2], [2, 2], [3, 8], [4, 9], [1, 1], [1, 5], [4, 10], [1, 3], [3, 9], [2, 5], [1, 1], [1, 7], [0, 0]]
[[4, 5], [0, 2], [0, 0], [2, 2], [1, 3], [1, 1], [1, 1], [4, 7], [0, 0], [0, 2], [2, 4], [1, 2], [2, 5], [0, 0]]
[[8, 14], [5, 8], [0, 2], [3, 6], [6, 24], [0, 3], [1, 3], [8, 25], [2, 7], [8, 23], [2, 3], [1, 4], [3, 7], [1, 1]]
[[21, 38], [5, 9], [2, 3], [18, 24], [19, 38], [5, 7], [6, 13], [26, 48], [11, 17], [32, 63], [6, 14], [5, 5], [12, 19], [0, 0]]
[[2, 4], [0, 1], [0, 1], [3, 3], [2, 7], [0, 0], [0, 1], [3, 5], [0, 0], [1, 5], [0, 1], [0, 0], [1, 2], [0, 0]]
[[3, 9], [4, 5], [0, 1], [2, 3], [7, 13], [1, 1], [1, 2], [3, 5], [2, 3], [8, 15], [0, 0], [0, 1], [3, 4], [0, 0]]
[[15, 37], [6, 10], [3, 7], [17, 25], [22, 48], [2, 5], [2, 5], [22, 44], [5, 13], [30, 64], [5, 8], [1, 5], [10, 19], [0, 0]]
[[4, 5], [2, 3], [0, 0], [5, 7], [6, 17], [0, 0], [1, 3], [8, 13], [0, 0], [9, 18], [1, 2], [0, 0], [4, 6], [0, 0]]
[[25, 51], [6, 9], [2, 2], [15, 23], [31, 63], [4, 5], [7, 15], [34, 64], [9, 18], [31, 62], [9, 14], [5, 10], [12, 24], [2, 2]]
[[3, 8], [3, 5], [2, 4], [1, 3], [8, 14], [1, 1], [0, 0], [3, 8], [1, 2], [5, 14], [2, 4], [0, 1], [1, 2], [0, 0]]
[[2, 4], [0, 1], [1, 2], [3, 4], [0, 5], [0, 0], [1, 1], [4, 5], [0, 0], [5, 10], [1, 1], [0, 0], [1, 1], [0, 0]]
[[5, 18], [6, 7], [3, 5], [4, 7], [7, 19], [1, 2], [1, 4], [9, 19], [2, 6], [12, 24], [1, 2], [0, 1], [3, 6], [0, 0]]
[[0, 1], [0, 0], [0, 0], [0, 1], [0, 0], [0, 0], [0, 0], [0, 0], [0, 0], [0, 2], [0, 0], [0, 0], [0, 0], [0, 0]]
[[15, 30], [4, 4], [3, 4], [7, 15], [30, 52], [3, 3], [4, 6], [19, 46], [2, 3], [31, 62], [4, 10], [4, 6], [10, 15], [2, 2]]
[[0, 4], [0, 0], [0, 0], [2, 2], [1, 4], [0, 0], [0, 1], [1, 7], [0, 1], [3, 8], [1, 4], [0, 0], [0, 1], [0, 0]]
[[1, 4], [0, 0], [0, 0], [1, 2], [0, 2], [0, 0], [0, 0], [0, 1], [0, 0], [0, 1], [0, 0], [0, 0], [0, 0], [0, 0]]
[[8, 15], [0, 2], [1, 2], [6, 12], [10, 23], [3, 5], [1, 6], [11, 26], [0, 1], [11, 32], [4, 5], [3, 5], [4, 8], [0, 0]]
[[22, 52], [3, 4], [2, 2], [13, 23], [24, 48], [4, 6], [8, 13], [31, 55], [3, 4], [28, 53], [5, 14], [4, 8], [10, 17], [1, 1]]
[[0, 3], [0, 0], [0, 0], [2, 5], [2, 6], [0, 0], [0, 1], [2, 7], [0, 0], [3, 6], [0, 1], [0, 0], [1, 1], [0, 0]]
[[2, 6], [1, 1], [0, 0], [5, 6], [5, 13], [1, 1], [2, 4], [5, 12], [1, 1], [9, 16], [1, 3], [0, 0], [2, 3], [0, 0]]
[[27, 46], [6, 7], [1, 1], [15, 26], [24, 55], [5, 7], [7, 12], [22, 44], [3, 6], [31, 60], [4, 10], [4, 12], [11, 22], [2, 2]]
[[1, 3], [1, 1], [0, 0], [1, 1], [1, 4], [0, 0], [0, 1], [3, 6], [0, 0], [1, 6], [0, 0], [0, 0], [0, 0], [0, 0]]
[[31, 62], [5, 8], [1, 1], [21, 32], [25, 53], [3, 6], [7, 16], [29, 60], [5, 6], [32, 64], [7, 12], [6, 8], [7, 13], [1, 1]]
[[6, 10], [3, 4], [0, 0], [1, 5], [9, 14], [1, 1], [2, 3], [6, 10], [0, 0], [5, 12], [2, 4], [1, 4], [2, 3], [0, 0]]
[[2, 6], [0, 0], [0, 0], [2, 5], [4, 8], [0, 0], [0, 0], [8, 12], [0, 0], [2, 8], [3, 4], [0, 0], [1, 1], [0, 0]]
[[5, 15], [1, 1], [0, 0], [4, 8], [7, 17], [0, 1], [1, 3], [11, 22], [0, 0], [6, 13], [1, 3], [0, 1], [2, 4], [0, 0]]
[[0, 2], [0, 0], [0, 0], [0, 0], [0, 1], [0, 0], [0, 0], [0, 2], [0, 0], [0, 1], [0, 0], [0, 0], [0, 0], [0, 0]]
[[7, 14], [1, 1], [3, 3], [12, 24], [6, 16], [0, 0], [0, 0], [26, 48], [1, 1], [23, 43], [5, 13], [8, 16], [2, 7], [0, 0]]
[[0, 1], [0, 0], [0, 0], [2, 3], [1, 1], [0, 0], [0, 0], [3, 4], [0, 0], [3, 4], [0, 0], [1, 2], [0, 1], [0, 0]]
[[0, 3], [0, 0], [0, 0], [0, 1], [0, 0], [0, 0], [0, 0], [0, 0], [0, 0], [0, 1], [0, 1], [0, 0], [0, 0], [0, 0]]
[[12, 24], [1, 3], [1, 1], [13, 26], [6, 10], [0, 0], [2, 3], [20, 46], [3, 5], [25, 51], [11, 20], [8, 17], [2, 8], [0, 0]]
[[10, 16], [0, 1], [0, 0], [4, 10], [9, 18], [0, 0], [1, 1], [14, 28], [1, 2], [17, 38], [4, 12], [3, 8], [1, 6], [0, 0]]
[[0, 0], [0, 0], [0, 0], [0, 0], [0, 0], [0, 0], [0, 0], [0, 0], [0, 0], [0, 1], [0, 0], [0, 1], [0, 0], [0, 0]]
[[0, 0], [0, 0], [0, 0], [1, 3], [0, 1], [0, 0], [0, 0], [2, 5], [0, 0], [0, 0], [1, 2], [0, 1], [0, 0], [0, 0]]
[[22, 48], [1, 4], [0, 0], [26, 46], [14, 28], [0, 0], [3, 5], [33, 66], [0, 4], [46, 88], [22, 39], [15, 35], [6, 9], [0, 0]]
[[0, 1], [0, 0], [0, 0], [2, 5], [1, 2], [0, 0], [0, 0], [4, 4], [0, 0], [0, 1], [0, 1], [1, 2], [0, 0], [0, 0]]
[[20, 43], [1, 4], [1, 1], [26, 51], [21, 38], [1, 1], [0, 0], [42, 88], [1, 1], [42, 84], [21, 35], [15, 27], [3, 5], [0, 0]]
[[8, 13], [0, 0], [1, 1], [9, 20], [8, 12], [0, 0], [1, 2], [17, 39], [1, 1], [14, 35], [4, 8], [5, 14], [2, 5], [0, 0]]
[[8, 16], [1, 2], [0, 0], [9, 17], [5, 8], [1, 1], [1, 1], [20, 35], [1, 2], [12, 27], [9, 14], [1, 2], [2, 3], [0, 0]]
[[5, 7], [1, 1], [0, 0], [6, 8], [5, 6], [0, 0], [0, 0], [3, 9], [0, 0], [2, 5], [3, 5], [1, 3], [0, 0], [0, 0]]
[[0, 0], [0, 0], [0, 0], [0, 0], [0, 0], [0, 0], [0, 0], [0, 0], [0, 0], [0, 0], [0, 0], [0, 0], [0, 0], [0, 0]]
[[12, 24], [1, 2], [0, 0], [12, 30], [6, 20], [0, 2], [1, 6], [21, 48], [0, 0], [20, 33], [13, 25], [7, 16], [3, 5], [0, 1]]
[[1, 2], [0, 0], [0, 0], [0, 2], [1, 2], [0, 0], [0, 0], [2, 7], [1, 1], [0, 1], [0, 0], [0, 1], [1, 2], [0, 0]]
[[0, 0], [0, 0], [0, 0], [0, 2], [0, 2], [0, 0], [0, 0], [0, 5], [0, 0], [0, 2], [0, 2], [0, 1], [0, 0], [0, 0]]
[[18, 30], [2, 2], [2, 2], [21, 42], [12, 24], [1, 1], [6, 9], [32, 61], [1, 2], [19, 29], [12, 26], [9, 24], [4, 5], [1, 1]]
[[14, 20], [1, 2], [2, 2], [12, 24], [8, 16], [1, 2], [0, 1], [23, 45], [1, 2], [15, 23], [3, 10], [9, 19], [3, 4], [0, 0]]
[[2, 2], [0, 0], [0, 0], [0, 1], [1, 2], [0, 0], [1, 1], [2, 3], [0, 0], [1, 3], [1, 1], [0, 1], [0, 0], [0, 0]]
[[5, 6], [0, 0], [0, 0], [3, 9], [1, 1], [0, 1], [0, 0], [4, 12], [0, 0], [5, 8], [3, 4], [1, 1], [0, 0], [0, 0]]
[[27, 48], [5, 7], [5, 5], [29, 61], [22, 45], [1, 3], [8, 12], [35, 70], [0, 0], [27, 53], [26, 54], [16, 44], [5, 12], [0, 0]]
[[0, 0], [0, 1], [0, 0], [1, 2], [1, 2], [0, 0], [0, 0], [0, 0], [1, 2], [1, 1], [0, 1], [0, 1], [0, 0], [0, 0]]
[[13, 33], [1, 1], [2, 2], [10, 29], [8, 23], [2, 3], [3, 8], [26, 53], [0, 1], [13, 26], [10, 20], [12, 24], [5, 7], [1, 2]]
[[12, 25], [0, 0], [2, 2], [14, 26], [7, 10], [0, 1], [1, 4], [28, 54], [1, 1], [10, 20], [5, 10], [6, 16], [2, 5], [0, 0]]
[[9, 16], [1, 1], [1, 1], [15, 24], [10, 19], [1, 1], [0, 1], [28, 44], [1, 1], [12, 24], [10, 16], [6, 12], [4, 6], [0, 0]]
[[2, 5], [1, 2], [0, 0], [1, 5], [1, 4], [0, 0], [0, 0], [7, 12], [0, 0], [2, 7], [3, 5], [2, 6], [1, 2], [0, 0]]
[[1, 1], [0, 0], [0, 0], [0, 1], [0, 0], [0, 0], [0, 0], [0, 0], [0, 0], [1, 2], [0, 0], [0, 0], [0, 0], [0, 0]]
